 1  07 55 49.34  -60 29 17.6  13.474  99.999   0.573   0.115  99.99
   2  07 55 51.28  -60 34 18.8  14.262   0.753   0.603   0.062  99.99
   3  07 55 50.51  -60 43 24.1  14.446   0.806   0.673   0.143  99.99
   4  07 55 51.45  -60 36 52.4  16.591   0.771   0.622  -0.013  99.99
   5  07 55 50.78  -60 45 31.5  16.397   0.839   0.654   0.035  99.99
   6  07 55 51.67  -60 37 42.7  16.443   0.855   0.726   0.127  99.99
   7  07 55 52.72  -60 32 30.8  14.701   0.881   0.745   0.179  99.99
   8  07 55 52.64  -60 46 08.0  10.910   0.638   0.532   0.039   0.00
   9  07 55 52.95  -60 47 25.8  15.136   0.906   0.707   0.126  99.99
  10  07 55 55.45  -60 27 34.7  13.853   1.185   1.051   0.653  99.99
  11  07 55 55.27  -60 29 49.4  15.934   0.910   0.753   0.106  99.99
  12  07 55 55.62  -60 27 56.5  16.232   0.993   0.842   0.334  99.99
  13  07 55 54.96  -60 36 21.4  15.868   0.852   0.696   0.026  99.99
  14  07 55 54.84  -60 45 30.7  16.931   1.108   0.936   0.450  99.99
  15  07 55 55.68  -60 41 40.1  12.873   0.791   0.681   0.126  99.99
  16  07 55 56.63  -60 37 09.5  13.305   1.309   1.337   1.484  99.99
  17  07 55 55.98  -60 45 29.2  13.479   0.746   0.650   0.143  99.99
  18  07 55 56.69  -60 39 32.6  12.844   0.828   0.774   0.297  99.99
  19  07 55 57.45  -60 31 08.5  16.854   1.206   1.045   0.625  99.99
  20  07 55 58.63  -60 30 54.7  16.889   1.005   0.897   0.531  99.99
  21  07 55 59.43  -60 42 31.7  16.822   1.004   0.940   0.526  99.99
  22  07 55 59.59  -60 41 47.0  15.597   1.144   1.113   0.990  99.99
  23  07 55 59.37  -60 46 36.0  15.551   0.815   0.678   0.107  99.99
  24  07 55 59.78  -60 43 01.0  14.569   0.732   0.617   0.127  99.99
  25  07 56 01.01  -60 31 19.5  14.029   0.696   0.532   0.052  99.99
  26  07 56 00.41  -60 41 14.6  16.720   1.238   1.110   0.720  99.99
  27  07 56 00.96  -60 37 24.5  14.586   1.033   0.988   0.669  99.99
  28  07 56 00.76  -60 43 47.0  12.232   1.842   1.636   2.014  99.99
  29  07 56 01.56  -60 38 52.4  14.910   1.151   1.038   0.790  99.99
  30  07 56 02.68  -60 28 10.7  14.601   1.276   1.158   0.864  99.99
  31  07 56 02.21  -60 38 46.1  13.603   0.895   0.815   0.333  99.99
  32  07 56 01.84  -60 43 11.9  16.419   0.827   0.677   0.125  99.99
  33  07 56 01.82  -60 45 06.8  14.478   1.235   1.207   1.137  99.99
  34  07 56 03.33  -60 31 27.5  10.104   0.199   0.177   0.105   0.99
  35  07 56 03.82  -60 28 28.5  16.865   0.974   0.769   0.171  99.99
  36  07 56 02.67  -60 45 54.1  15.290   0.817   0.658   0.069  99.99
  37  07 56 04.11  -60 37 07.7  16.703   1.033   0.955   0.564  99.99
  38  07 56 04.54  -60 38 30.5  14.647   1.235   1.036   0.592  99.99
  39  07 56 05.79  -60 27 17.3  15.800   0.958   0.864   0.492  99.99
  40  07 56 05.16  -60 34 51.7  16.841   1.070   1.005   0.711  99.99
  41  07 56 06.51  -60 33 40.8  16.089   0.637   0.476   0.074  99.99
  42  07 56 06.96  -60 31 43.8  15.165   1.225   1.106   0.942  99.99
  43  07 56 08.50  -60 28 00.0  16.179   1.128   0.993   0.509  99.99
  44  07 56 07.53  -60 42 14.4  10.591   0.317   0.261   0.172   0.99
  45  07 56 07.64  -60 41 10.6  12.492   0.709   0.600   0.065  99.99
  46  07 56 08.09  -60 37 59.8  14.285   1.038   0.927   0.522  99.99
  47  07 56 08.69  -60 36 00.4  16.928   1.062   0.914   0.305  99.99
  48  07 56 08.43  -60 43 00.8  16.830   0.936   0.840   0.336  99.99
  49  07 56 08.71  -60 45 26.6  16.307   1.582   1.372   1.306  99.99
  50  07 56 10.25  -60 30 57.3  16.912   0.984   0.775   0.054  99.99
  51  07 56 10.55  -60 27 58.8  15.363   0.824   0.682   0.103  99.99
  52  07 56 10.05  -60 35 53.3  13.497   0.965   0.912   0.583  99.99
  53  07 56 10.22  -60 35 55.6  13.050   0.937   0.838   0.431  99.99
  54  07 56 10.15  -60 37 35.3  15.707   0.856   0.740   0.142  99.99
  55  07 56 09.94  -60 41 01.0  16.096   2.211   1.473   1.114  99.99
  56  07 56 11.39  -60 37 00.1  16.943   0.950   0.840   0.278  99.99
  57  07 56 11.50  -60 36 29.7  11.278   0.501   0.412   0.079   0.96
  58  07 56 12.27  -60 30 39.4  16.258   0.866   0.724   0.160  99.99
  59  07 56 12.46  -60 40 26.0  11.980   0.648   0.529   0.055  99.99
  60  07 56 12.29  -60 43 55.4  16.082   0.939   0.776   0.151  99.99
  61  07 56 14.43  -60 32 57.1  16.168   0.898   0.757   0.170  99.99
  62  07 56 14.00  -60 39 51.7  16.789   0.965   0.785   0.190  99.99
  63  07 56 14.04  -60 39 56.3  15.900   0.864   0.741   0.191  99.99
  64  07 56 14.01  -60 43 05.5  16.987   0.822   0.621   0.026  99.99
  65  07 56 15.05  -60 45 15.5  14.968   0.830   0.671   0.130  99.99
  66  07 56 15.66  -60 38 56.6  16.417   0.718   0.404   0.092  99.99
  67  07 56 16.74  -60 28 30.7  15.773   0.991   0.871   0.424  99.99
  68  07 56 15.81  -60 42 05.2  16.860   0.936   0.825   0.516  99.99
  69  07 56 17.20  -60 34 43.3  15.897   0.976   0.887   0.475  99.99
  70  07 56 17.19  -60 35 00.7  15.577   0.935   0.867   0.392  99.99
  71  07 56 17.58  -60 36 04.8  15.918   1.149   0.995   0.526  99.99
  72  07 56 17.66  -60 36 30.1  11.681   0.587   0.512   0.014   0.99
  73  07 56 17.71  -60 36 27.1  10.110   0.216   0.173   0.154   0.99
  74  07 56 17.60  -60 39 56.5  16.525   1.414   1.244   1.153  99.99
  75  07 56 17.83  -60 42 35.0  11.978   0.667   0.538   0.025  99.99
  76  07 56 18.42  -60 36 55.1  14.892   0.807   0.622   0.155  99.99
  77  07 56 18.31  -60 38 39.1  15.767   0.895   0.851   0.428  99.99
  78  07 56 18.76  -60 39 15.1  16.404   1.062   0.902   0.342  99.99
  79  07 56 20.77  -60 32 07.5  16.539  99.999   0.688   0.072  99.99
  80  07 56 19.63  -60 46 50.5  14.367   0.789   0.623   0.069  99.99
  81  07 56 22.24  -60 34 50.9  11.276   0.734   0.643   0.134  99.99
  82  07 56 22.73  -60 31 25.6  13.339   0.917   0.866   0.515  99.99
  83  07 56 22.75  -60 35 50.2  16.468   0.969   0.848   0.208  99.99
  84  07 56 23.87  -60 30 49.0  10.655   0.295   0.263   0.161   0.99
  85  07 56 24.03  -60 34 06.8  14.641   0.812   0.699   0.123  99.99
  86  07 56 24.24  -60 32 01.2  15.907   1.512   1.227   1.022  99.99
  87  07 56 24.65  -60 43 33.8  16.620   0.844   0.756   0.248  99.99
  88  07 56 25.29  -60 41 45.0  16.882   0.891   0.767   0.240  99.99
  89  07 56 25.49  -60 45 19.5  14.823   1.148   1.064   0.741  99.99
  90  07 56 26.26  -60 35 50.1  15.450   0.946   0.764   0.008  99.99
  91  07 56 26.66  -60 31 01.1  15.569   1.215   1.137   1.005  99.99
  92  07 56 27.04  -60 30 51.3  15.625   1.085   1.009   0.673  99.99
  93  07 56 27.90  -60 27 33.4  15.665   0.977   0.849   0.395  99.99
  94  07 56 27.15  -60 45 07.7  16.606   0.916   0.747   0.115  99.99
  95  07 56 27.62  -60 39 08.7  16.671   0.813   0.702   0.074  99.99
  96  07 56 27.99  -60 34 02.6  16.082   0.943   0.839   0.387  99.99
  97  07 56 28.52  -60 30 27.7  12.346   1.239   1.170   0.925  99.99
  98  07 56 28.90  -60 33 20.3  16.013   0.917   0.766   0.111  99.99
  99  07 56 29.52  -60 27 06.7  16.569   1.295  99.999  99.999  99.99
 100  07 56 28.81  -60 39 48.9  16.618   0.926   0.735   0.135  99.99
 101  07 56 29.51  -60 34 46.5  14.186   1.317   1.346   1.534  99.99
 102  07 56 29.92  -60 32 42.5  16.866   1.215   1.137   1.014  99.99
 103  07 56 29.81  -60 42 33.2  15.060   0.798   0.629   0.096  99.99
 104  07 56 30.86  -60 37 29.6  16.539   0.909   0.875   0.414  99.99
 105  07 56 30.79  -60 42 09.7  14.668   1.260   1.111   1.040  99.99
 106  07 56 31.93  -60 28 05.0  12.271   0.678   0.563   0.050  99.99
 107  07 56 30.93  -60 44 41.9  15.682   0.758   0.602   0.087  99.99
 108  07 56 31.91  -60 42 41.6  16.853   1.324   1.227   1.313  99.99
 109  07 56 33.39  -60 29 01.3  16.009   1.059   0.994   0.750  99.99
 110  07 56 34.14  -60 27 14.5  14.943   0.826   0.647   0.063  99.99
 111  07 56 33.19  -60 42 04.3  15.835   0.924   0.801   0.308  99.99
 112  07 56 33.30  -60 41 38.5  16.233   0.963   0.804   0.292  99.99
 113  07 56 34.05  -60 35 09.8  16.416   0.931   0.778   0.132  99.99
 114  07 56 34.03  -60 39 05.6  13.047   0.779   0.679   0.147  99.99
 115  07 56 33.79  -60 46 02.3  12.342   0.808   0.691   0.168  99.99
 116  07 56 35.20  -60 31 10.1  14.937   0.933   0.806   0.280  99.99
 117  07 56 35.18  -60 44 05.0  15.592   0.928   0.803   0.257  99.99
 118  07 56 35.61  -60 41 40.1  15.272   0.894   0.768   0.229  99.99
 119  07 56 36.49  -60 33 22.6  10.882   0.386   0.334   0.110   0.99
 120  07 56 36.23  -60 38 52.9  13.916   0.772   0.642   0.075  99.99
 121  07 56 37.00  -60 34 33.8  15.789   1.018   0.873   0.369  99.99
 122  07 56 36.79  -60 43 37.3  14.129   1.190   1.052   0.896  99.99
 123  07 56 37.06  -60 40 06.7  16.004   0.803   0.660   0.104  99.99
 124  07 56 38.06  -60 32 47.8  14.494   0.796   0.679   0.135  99.99
 125  07 56 37.87  -60 38 38.6  15.470   1.176   1.082   0.900  99.99
 126  07 56 38.25  -60 34 13.8  16.692   0.856   0.667   0.037  99.99
 127  07 56 37.55  -60 45 46.3  15.968   0.906   0.731   0.112  99.99
 128  07 56 38.46  -60 46 33.5   9.957   0.151   0.129   0.128   0.99
 129  07 56 39.31  -60 41 32.1  16.741   1.099   0.968   0.500  99.99
 130  07 56 40.02  -60 32 08.1  15.044   1.009   0.957   0.690  99.99
 131  07 56 39.55  -60 47 13.7  16.318   0.925   0.772   0.198  99.99
 132  07 56 40.98  -60 30 49.3  14.231   0.850   0.746   0.238  99.99
 133  07 56 40.61  -60 40 35.9  14.527   0.823   0.709   0.164  99.99
 134  07 56 40.27  -60 47 34.4  16.662   0.803   0.600   0.033  99.99
 135  07 56 40.82  -60 45 38.8  16.208   0.937   0.768   0.229  99.99
 136  07 56 41.63  -60 37 50.4  10.545   0.306   0.273   0.146   0.00
 137  07 56 41.65  -60 37 55.4  11.210   0.486   0.402   0.090   0.00
 138  07 56 42.27  -60 32 43.0  13.702   0.771   0.669   0.162  99.99
 139  07 56 43.16  -60 43 46.1  16.989   0.974   0.781   0.200  99.99
 140  07 56 44.16  -60 30 04.3  16.769   1.005   0.969   0.527  99.99
 141  07 56 44.07  -60 34 51.7  13.571   0.861   0.777   0.280  99.99
 142  07 56 43.12  -60 54 35.8  11.628   0.610   0.448  99.999  99.99
 143  07 56 44.80  -60 30 18.5  16.948   0.785   0.652   0.007  99.99
 144  07 56 43.73  -60 53 18.4  15.650   1.028   0.937   0.883  99.99
 145  07 56 44.42  -60 50 11.8  14.664   0.903   0.790   0.386  99.99
 146  07 56 44.85  -60 44 10.4  15.714   0.900   0.740   0.174  99.99
 147  07 56 45.81  -60 29 59.7  16.466   0.872   0.738   0.159  99.99
 148  07 56 44.65  -60 48 07.8  15.545   0.892   0.702   0.173  99.99
 149  07 56 43.70  -61 04 30.1  15.633   1.258   1.147   0.934  99.99
 150  07 56 43.73  -61 04 27.1  16.200   1.329   1.195   1.133  99.99
 151  07 56 44.15  -61 03 12.3  12.410   0.755   0.605   0.110  99.99
 152  07 56 45.14  -60 48 55.2   8.281   0.034   0.013  -0.265   0.99
 153  07 56 44.69  -60 56 34.3  15.162   0.987   0.766   0.260  99.99
 154  07 56 44.98  -60 52 11.8  16.856   0.957   0.816   0.338  99.99
 155  07 56 46.07  -60 35 27.5  12.890   1.210   1.211   1.189  99.99
 156  07 56 44.80  -60 59 31.9  14.235   0.847   0.662   0.147  99.99
 157  07 56 45.97  -60 46 03.1  15.716   0.799   0.618   0.150  99.99
 158  07 56 45.57  -60 58 07.0  16.257   0.996   0.800   0.291  99.99
 159  07 56 45.73  -60 57 28.4  15.336   0.878   0.672   0.016  99.99
 160  07 56 46.29  -60 48 59.2   8.740   0.088   0.083  -0.244   0.99
 161  07 56 47.07  -60 43 22.3  16.281   1.644   1.297   1.105  99.99
 162  07 56 48.07  -60 28 29.5  16.698   0.899   0.786   0.176  99.99
 163  07 56 47.51  -60 39 38.0  16.470   0.829   0.728   0.185  99.99
 164  07 56 48.13  -60 30 18.4  15.116   0.706   0.572   0.065  99.99
 165  07 56 47.35  -60 43 39.3  16.157   1.156   1.025   0.739  99.99
 166  07 56 47.22  -60 50 27.8   8.428   0.057   0.073  -0.213   0.99
 167  07 56 47.05  -61 00 23.0  14.824   0.843   0.660   0.068  99.99
 168  07 56 47.78  -60 49 35.0  16.407   0.939   0.839   0.259  99.99
 169  07 56 47.29  -61 00 29.3  16.825   0.960   0.806   0.272  99.99
 170  07 56 48.24  -60 46 32.0  15.430   1.569   1.255   1.016  99.99
 171  07 56 48.37  -60 44 47.4  16.997   1.226   1.049   0.886  99.99
 172  07 56 49.25  -60 30 47.6  14.443   1.046   0.971   0.559  99.99
 173  07 56 48.00  -60 54 14.9  16.596   0.938   0.861   0.353  99.99
 174  07 56 47.84  -60 56 50.5  10.810   0.463   0.343   0.181   0.99
 175  07 56 49.01  -60 38 40.6  16.747   1.024   0.923   0.552  99.99
 176  07 56 47.67  -61 04 37.3  15.325   1.258   1.134   1.029  99.99
 177  07 56 48.33  -61 04 16.3  15.972   1.049   0.913   0.493  99.99
 178  07 56 49.81  -60 41 27.4  14.638   1.351   1.233   1.187  99.99
 179  07 56 49.98  -60 39 45.4  14.311   1.012   0.924   0.562  99.99
 180  07 56 49.35  -60 59 53.3  12.235   0.703   0.564   0.068  99.99
 181  07 56 49.43  -61 00 32.8  16.159   1.014   0.859   0.380  99.99
 182  07 56 50.63  -60 41 43.1  16.590   0.862   0.717   0.121  99.99
 183  07 56 49.65  -61 05 14.5  16.701   1.060   0.926   0.504  99.99
 184  07 56 51.65  -60 35 10.6  15.299   0.896   0.802   0.452  99.99
 185  07 56 49.99  -61 02 40.9  16.750   0.904   0.693   0.082  99.99
 186  07 56 52.03  -60 30 41.2  16.117   0.783   0.658   0.051  99.99
 187  07 56 50.71  -60 59 04.8  14.435   0.978   0.805   0.260  99.99
 188  07 56 53.00  -60 28 09.7  15.991   0.984   0.916   0.571  99.99
 189  07 56 52.58  -60 41 25.3  15.295   0.804   0.637   0.071  99.99
 190  07 56 51.78  -60 58 46.4  16.516   0.992   0.800   0.287  99.99
 191  07 56 52.87  -60 42 32.9  16.346   0.862   0.704   0.195  99.99
 192  07 56 53.84  -60 28 07.1  16.693   0.914   0.804   0.206  99.99
 193  07 56 52.74  -60 47 41.8  14.638   1.250   1.155   0.920  99.99
 194  07 56 51.88  -61 04 57.2  15.607   1.117   0.993   0.550  99.99
 195  07 56 52.85  -60 54 22.8  15.936   0.952   0.888   0.383  99.99
 196  07 56 54.31  -60 31 53.2  12.361   1.091   1.066   0.840  99.99
 197  07 56 53.10  -60 53 40.3  16.327   1.141   0.996   0.543  99.99
 198  07 56 52.64  -61 02 52.9  11.557   0.716   0.530   0.092  99.99
 199  07 56 54.11  -60 48 56.4  15.023   1.154   1.032   0.700  99.99

 200  07 56 54.10  -60 50 06.2  15.193   1.226   1.107   0.848  99.99
 201  07 56 54.45  -60 52 29.9  16.766   0.928   0.741   0.193  99.99
 202  07 56 55.94  -60 31 25.1  15.128   0.834   0.761   0.195  99.99
 203  07 56 54.51  -61 00 19.1  15.535   0.959   0.869   0.428  99.99
 204  07 56 55.53  -60 44 54.9  15.489   0.961   0.781   0.212  99.99
 205  07 56 54.78  -60 58 52.3  15.957   1.075   0.918   0.402  99.99
 206  07 56 56.09  -60 38 40.4  15.265   0.857   0.749   0.219  99.99
 207  07 56 57.63  -60 28 31.0  15.305   0.977   0.846   0.295  99.99
 208  07 56 56.47  -60 55 54.4  14.952   0.782   0.632   0.077  99.99
 209  07 56 56.36  -61 00 57.8  16.406   1.666   1.283   0.899  99.99
 210  07 56 57.02  -60 54 39.2  16.868   0.960   0.796   0.214  99.99
 211  07 56 56.48  -61 05 28.2  16.515   1.230   1.055   0.675  99.99
 212  07 56 58.21  -60 46 57.8  15.618   1.144   0.984   0.669  99.99
 213  07 56 58.36  -60 57 37.3  14.461   0.982   0.860   0.425  99.99
 214  07 56 58.61  -60 58 56.5  16.417   0.993   0.860   0.484  99.99
 215  07 57 00.28  -60 29 59.0  16.368   0.877   0.761   0.264  99.99
 216  07 56 59.59  -60 47 02.3   9.650   0.209   0.139   0.069   0.99
 217  07 57 00.51  -60 31 51.8  15.655   1.018   0.910   0.475  99.99
 218  07 56 59.58  -60 49 57.1  16.497   1.685   1.328   1.054  99.99
 219  07 56 59.31  -60 55 29.4  15.989   0.850   0.684   0.190  99.99
 220  07 56 59.16  -60 59 42.1  14.380   0.228   0.132   0.067  99.99
 221  07 57 00.04  -60 44 47.5  15.866   1.169   0.988   0.489  99.99
 222  07 56 59.42  -60 58 59.7  16.778   0.862   0.665   0.094  99.99
 223  07 57 01.12  -60 31 20.0  16.513   0.880   0.750   0.158  99.99
 224  07 57 00.83  -60 37 44.2  16.839   0.850   0.730   0.193  99.99
 225  07 57 01.33  -60 30 43.0  16.561   0.905   0.815   0.382  99.99
 226  07 57 00.98  -60 37 33.6  15.938   0.918   0.845   0.458  99.99
 227  07 56 59.57  -61 03 55.6  14.361   1.037   0.948   0.590  99.99
 228  07 57 00.06  -60 57 08.2  15.937   0.903   0.800   0.274  99.99
 229  07 57 01.33  -60 42 13.3  15.684   1.374   1.205   1.122  99.99
 230  07 57 02.04  -60 31 54.5  16.925   0.920   0.791   0.173  99.99
 231  07 57 00.24  -61 03 56.9  14.011   0.960   0.866   0.420  99.99
 232  07 57 00.66  -60 57 30.1  15.224   1.228   1.118   0.978  99.99
 233  07 57 02.16  -60 33 13.2  16.638   0.998   0.890   0.568  99.99
 234  07 57 00.57  -61 02 16.7  15.671   0.863   0.716   0.191  99.99
 235  07 57 01.27  -60 52 06.4  16.959   1.804   1.480  99.999  99.99
 236  07 57 02.60  -60 28 47.1  16.845   0.954   0.850   0.449  99.99
 237  07 57 01.89  -60 48 16.4  15.774   1.105   1.002   0.722  99.99
 238  07 57 02.60  -60 39 28.8  16.561   0.982   0.828   0.322  99.99
 239  07 57 03.06  -60 32 51.8  12.694   0.749   0.638   0.103  99.99
 240  07 57 02.95  -60 36 36.4  11.391   0.401   0.191  -0.001   0.99
 241  07 57 01.61  -61 03 08.5  13.130   0.820   0.715   0.179  99.99
 242  07 57 02.53  -60 47 57.2  16.497   1.647   1.397  99.999  99.99
 243  07 57 02.80  -60 47 48.2  16.296   0.694   0.514   0.118  99.99
 244  07 57 03.99  -60 29 11.0  15.672   0.812   0.648   0.125  99.99
 245  07 57 04.07  -60 31 41.2  16.859   0.974   0.907   0.627  99.99
 246  07 57 02.40  -61 02 05.0  11.918   0.654   0.527   0.071  99.99
 247  07 57 04.11  -60 36 04.8  16.614   1.030   0.971   0.760  99.99
 248  07 57 03.03  -60 55 46.6  15.323   0.883   0.728   0.111  99.99
 249  07 57 04.39  -60 31 54.1  15.797   0.842   0.713   0.185  99.99
 250  07 57 03.93  -60 49 03.7  16.528   0.938   0.774   0.210  99.99
 251  07 57 03.59  -60 59 41.8  16.668   0.895   0.736   0.149  99.99
 252  07 57 05.02  -60 35 23.0  16.616   0.908   0.763   0.191  99.99
 253  07 57 04.08  -60 53 44.8  11.013   0.637   0.506   0.035  99.99
 254  07 57 04.16  -60 52 44.0  15.001   1.176   1.061   0.718  99.99
 255  07 57 03.92  -60 58 46.4  16.515   0.912   0.727   0.121  99.99
 256  07 57 04.77  -60 44 12.1  16.384   1.332   1.147   0.938  99.99
 257  07 57 04.64  -61 01 40.2  16.473   0.980   0.874   0.487  99.99
 258  07 57 05.33  -60 52 26.2  16.372   0.983   0.910   0.405  99.99
 259  07 57 05.92  -60 43 40.9  14.151   0.803   0.620   0.110  99.99
 260  07 57 06.83  -60 30 08.8  13.395   1.076   0.996   0.678  99.99
 261  07 57 06.63  -60 34 03.2  16.969   1.161   1.044   0.927  99.99
 262  07 57 05.36  -60 59 11.8  14.630   1.127   1.027   0.708  99.99
 263  07 57 07.18  -60 38 39.8  15.280   0.771   0.614   0.088  99.99
 264  07 57 06.72  -60 47 54.5  16.727   0.860   0.701   0.054  99.99
 265  07 57 06.27  -60 56 23.0  15.406   0.920   0.786   0.265  99.99
 266  07 57 06.18  -61 00 46.2  15.345   0.913   0.762   0.244  99.99
 267  07 57 07.06  -60 50 34.6  16.760   1.008   0.864   0.360  99.99
 268  07 57 08.17  -60 40 43.8  14.897   0.920   0.809   0.321  99.99
 269  07 57 08.98  -60 31 42.0  14.965   1.526   1.448   1.582  99.99
 270  07 57 07.85  -60 57 02.8  11.821   1.068   0.969   0.592  99.99
 271  07 57 08.81  -60 40 03.1  16.562   0.854   0.732   0.167  99.99
 272  07 57 09.40  -60 36 13.0  16.363   0.973   0.889   0.468  99.99
 273  07 57 09.68  -60 32 12.7  16.726   1.946   1.530  99.999  99.99
 274  07 57 08.47  -60 59 36.7  16.671   0.951   0.917   0.492  99.99
 275  07 57 10.22  -60 29 19.8  16.687   0.803   0.655   0.074  99.99
 276  07 57 09.38  -60 48 03.0  12.443   0.725   0.601   0.064  99.99
 277  07 57 08.68  -61 02 35.3  15.632   0.823   0.658   0.073  99.99
 278  07 57 09.96  -60 44 09.9  13.320   0.865   0.735   0.175  99.99
 279  07 57 09.70  -60 51 28.1  16.554   1.348   1.148   0.912  99.99
 280  07 57 09.93  -60 47 16.9  15.876   0.886   0.725   0.195  99.99
 281  07 57 10.34  -60 39 41.0  16.080   1.058   0.988   0.697  99.99
 282  07 57 09.45  -60 57 21.1  16.234   0.879   0.742   0.150  99.99
 283  07 57 10.49  -60 39 35.7  13.767   0.983   0.859   0.389  99.99
 284  07 57 10.29  -60 44 52.3  15.457   1.242   1.137   0.837  99.99
 285  07 57 10.87  -60 33 38.6  15.068   1.162   1.069   0.767  99.99
 286  07 57 10.86  -60 36 45.8  14.183   0.851   0.770   0.272  99.99
 287  07 57 11.09  -60 40 44.1  16.532   1.247   1.180   1.235  99.99
 288  07 57 10.81  -60 50 50.3  12.953   0.805   0.683   0.119  99.99
 289  07 57 11.10  -60 48 15.8  14.641   1.100   1.005   0.665  99.99
 290  07 57 10.91  -60 53 20.3   9.419   0.104   0.060  -0.007   0.99
 291  07 57 11.26  -60 49 56.2  14.742   0.791   0.598   0.075  99.99
 292  07 57 12.14  -60 33 08.3  14.792   1.133   0.954   0.542  99.99
 293  07 57 11.57  -60 48 09.7  16.765   0.902   0.813   0.271  99.99
 294  07 57 12.03  -60 41 32.7  16.928   0.852   0.727   0.227  99.99
 295  07 57 11.00  -61 02 27.6  14.585   0.844   0.707   0.181  99.99
 296  07 57 12.54  -60 34 18.4  15.018   0.742   0.611   0.039  99.99
 297  07 57 11.27  -61 01 21.6  16.806   0.909   0.743   0.210  99.99
 298  07 57 11.87  -60 50 38.5  16.588   1.071   0.982   0.743  99.99
 299  07 57 11.24  -61 05 32.5  13.507   1.179   0.978   0.550  99.99
 300  07 57 13.49  -60 29 11.0  16.614   1.091   0.945   0.279  99.99
 301  07 57 13.00  -60 41 07.6  15.192   0.875   0.710   0.122  99.99
 302  07 57 13.69  -60 35 58.2  16.339   0.827   0.682   0.127  99.99
 303  07 57 13.67  -60 36 37.6  16.082   0.102  99.999  99.999  99.99
 304  07 57 13.67  -60 36 36.4  15.318   0.849   0.189  -0.059  99.99
 305  07 57 14.14  -60 34 32.8  13.167   1.061   0.960   0.542  99.99
 306  07 57 14.28  -60 34 27.5  12.418   0.531   0.433   0.109  99.99
 307  07 57 14.18  -60 40 52.2  12.265   0.805   0.668   0.168  99.99
 308  07 57 15.22  -60 30 06.0  15.795   1.373   1.314   1.393  99.99
 309  07 57 14.74  -60 41 41.6  14.722   1.084   1.008   0.716  99.99
 310  07 57 15.39  -60 38 53.0  15.069   1.226   1.061   0.757  99.99
 311  07 57 15.51  -60 42 57.5  16.042   0.984   0.835   0.317  99.99
 312  07 57 15.00  -60 55 01.4  12.812   1.099   1.030   0.742  99.99
 313  07 57 16.03  -60 38 38.4  14.516   0.758   0.613   0.082  99.99
 314  07 57 15.94  -60 41 26.6  16.700   1.721   1.424   1.248  99.99
 315  07 57 16.09  -60 46 06.4  16.526   0.961   0.832   0.371  99.99
 316  07 57 16.26  -60 47 13.6  12.040   0.675   0.533   0.066  99.99
 317  07 57 15.91  -60 54 51.7  12.029   0.649   0.520   0.074  99.99
 318  07 57 15.96  -61 05 33.0  14.606   0.886   0.708   0.079  99.99
 319  07 57 17.49  -60 38 10.6  12.220   1.229   1.216   1.154  99.99
 320  07 57 17.94  -60 30 20.1  13.026   0.707   0.627   0.146  99.99
 321  07 57 17.20  -60 52 28.4  14.423   0.828   0.688   0.052  99.99
 322  07 57 18.13  -60 34 49.6  10.167   0.182   0.183   0.141   0.98
 323  07 57 17.71  -60 53 15.0  13.588   0.693   0.578   0.054  99.99
 324  07 57 19.06  -60 28 43.6  16.811   1.148   1.072   0.936  99.99
 325  07 57 17.53  -61 05 33.0  16.739   1.072   0.780   0.136  99.99
 326  07 57 19.08  -61 02 23.3  14.926   1.156   1.081   0.909  99.99
 327  07 57 19.80  -60 48 46.2   9.242   0.174   0.091   0.020   0.99
 328  07 57 19.46  -60 56 28.6  15.114   1.479   1.184   0.845  99.99
 329  07 57 19.52  -60 58 39.4  15.450   0.859   0.724   0.185  99.99
 330  07 57 20.10  -60 49 50.0  14.663   1.093   0.795  -0.008  99.99
 331  07 57 20.98  -60 37 37.5  16.925   0.837   0.682   0.059  99.99
 332  07 57 20.82  -60 44 03.2  15.035   1.240   1.057   0.811  99.99
 333  07 57 20.75  -60 46 44.2  14.196   1.002   0.912   0.490  99.99
 334  07 57 21.40  -60 33 20.5  14.773   0.768   0.620   0.076  99.99
 335  07 57 21.09  -60 43 07.0  15.919   0.955   0.824   0.323  99.99
 336  07 57 20.60  -60 55 54.2  14.307   1.381   1.337   1.528  99.99
 337  07 57 21.80  -60 30 27.9  15.767   1.081   1.017   0.803  99.99
 338  07 57 21.61  -60 34 45.9  13.011   0.737   0.650   0.151  99.99
 339  07 57 21.57  -60 39 48.1  14.846   0.708   0.589   0.061  99.99
 340  07 57 22.12  -60 28 22.6  13.417   0.678   0.532   0.060  99.99
 341  07 57 20.48  -61 04 16.9  12.843   1.060   0.931   0.484  99.99
 342  07 57 21.24  -60 50 01.0  15.041   0.828   0.636   0.137  99.99
 343  07 57 22.74  -60 27 49.1  16.395   0.936   0.839   0.365  99.99
 344  07 57 21.50  -60 59 38.2  16.192   0.885   0.680   0.121  99.99
 345  07 57 21.52  -60 59 25.3  16.693   0.784   0.586   0.106  99.99
 346  07 57 21.72  -60 55 20.2  14.386   1.054   0.878   0.298  99.99
 347  07 57 21.89  -60 53 42.2  13.477   0.871   0.781   0.262  99.99
 348  07 57 21.41  -61 04 16.4  15.655   0.854   0.652   0.120  99.99
 349  07 57 21.69  -61 01 23.6  15.826   0.956   0.779   0.178  99.99
 350  07 57 22.15  -60 52 05.7  14.301   0.827   0.719   0.172  99.99
 351  07 57 22.64  -60 43 27.9  16.424   0.936   0.812   0.296  99.99
 352  07 57 22.65  -60 43 43.2  16.302   0.890   0.776   0.352  99.99
 353  07 57 22.21  -60 53 48.8  12.251   1.222   1.161   0.968  99.99
 354  07 57 23.32  -60 29 10.5  16.828   0.986   0.959   0.688  99.99
 355  07 57 22.54  -60 51 39.4  15.536   1.160   1.041   0.672  99.99
 356  07 57 23.65  -60 27 31.8  16.655   0.900   0.731   0.092  99.99
 357  07 57 23.44  -60 35 35.8  16.820   0.972   0.840   0.468  99.99
 358  07 57 23.16  -60 49 38.3  11.282   0.671   0.532   0.115   0.98
 359  07 57 24.10  -60 32 28.2  16.285   1.043   0.862   0.268  99.99
 360  07 57 23.26  -60 55 51.9  11.551   0.601   0.464   0.085  99.99
 361  07 57 23.03  -61 01 58.7  15.631   0.939   0.826   0.339  99.99
 362  07 57 23.51  -60 53 20.8  16.067   1.156   1.076   0.788  99.99
 363  07 57 23.39  -61 00 11.8  15.618   0.931   0.770   0.168  99.99
 364  07 57 23.74  -60 53 48.8  16.066   0.899   0.740   0.090  99.99
 365  07 57 25.03  -60 39 17.1  11.369   0.512   0.400   0.069   0.99
 366  07 57 24.91  -60 43 13.3  14.595   1.144   1.104   0.787  99.99
 367  07 57 24.95  -60 43 26.3  15.298   0.896   0.715   0.127  99.99
 368  07 57 25.21  -60 46 47.4  13.074   0.819   0.688   0.135  99.99
 369  07 57 24.93  -61 02 12.1  16.670   1.129   1.037   0.643  99.99
 370  07 57 26.04  -60 45 17.1  16.733   0.954   0.694  -0.031  99.99
 371  07 57 25.58  -60 56 50.9  14.712   1.316   1.177   0.958  99.99
 372  07 57 26.11  -60 45 40.1  16.057   1.535   1.281   1.189  99.99
 373  07 57 26.48  -60 40 52.5  16.947   0.825   0.683   0.183  99.99
 374  07 57 25.81  -60 57 29.8  15.208   0.839   0.710   0.123  99.99
 375  07 57 27.12  -60 29 05.6  16.980   0.835   0.706   0.210  99.99
 376  07 57 26.41  -60 49 12.8  12.817   0.867   0.702   0.121  99.99
 377  07 57 26.42  -60 51 36.9  16.333   1.263   1.142   1.047  99.99
 378  07 57 26.20  -60 59 13.6  16.487   0.819   0.616   0.090  99.99
 379  07 57 26.16  -61 04 12.1  15.555   0.957   0.868   0.539  99.99
 380  07 57 26.72  -60 55 49.3  16.332   1.566   1.373  99.999  99.99
 381  07 57 27.97  -60 34 10.4  16.060   1.030   0.858   0.464  99.99
 382  07 57 28.20  -60 35 28.4  16.998   0.914   0.777   0.234  99.99
 383  07 57 28.79  -60 27 24.4  16.827   1.151   1.059   0.952  99.99
 384  07 57 29.14  -60 27 18.4  16.304   0.886   0.698   0.136  99.99
 385  07 57 29.01  -60 32 13.0  14.987   0.802   0.631   0.027  99.99
 386  07 57 27.83  -61 01 41.3  14.190   0.835   0.701   0.196  99.99
 387  07 57 29.32  -60 28 17.6  16.797   1.187   1.115   0.976  99.99
 388  07 57 28.45  -60 50 23.8   9.891   0.272   0.179   0.144   0.99
 389  07 57 28.41  -60 51 29.2  13.423   0.882   0.760   0.199  99.99
 390  07 57 28.10  -60 58 59.2  16.779   0.900   0.766   0.202  99.99
 391  07 57 28.76  -60 57 09.1  15.504   0.759   0.621   0.018  99.99
 392  07 57 28.83  -60 57 07.7  14.069   0.623   0.486   0.132  99.99
 393  07 57 29.35  -60 50 10.1  13.667   0.957   0.811   0.293  99.99
 394  07 57 30.47  -60 50 59.7  16.926   0.996   0.816   0.396  99.99
 395  07 57 31.42  -60 29 34.3  15.453   0.913   0.834   0.501  99.99
 396  07 57 30.29  -61 01 19.7  15.808   0.897   0.724   0.139  99.99
 397  07 57 30.93  -60 48 31.5  14.060   0.983   0.831   0.309  99.99
 398  07 57 31.34  -60 39 23.5  15.716   0.866   0.733   0.231  99.99
 399  07 57 31.54  -60 42 10.7  14.253   1.007   0.928   0.551  99.99

 400  07 57 31.75  -60 37 51.1   9.127   0.057   0.099   0.094   0.99
 401  07 57 31.61  -60 42 24.9  16.861   0.899   0.696   0.122  99.99
 402  07 57 31.74  -60 41 03.4  15.140   0.988   0.830   0.367  99.99
 403  07 57 32.02  -60 37 22.1  12.795   0.729   0.597   0.115  99.99
 404  07 57 31.83  -60 45 50.9  16.686   0.983   0.822   0.241  99.99
 405  07 57 32.20  -60 44 13.1  13.987   1.128   1.008   0.641  99.99
 406  07 57 32.77  -60 30 18.6  15.571   1.158   1.033   0.732  99.99
 407  07 57 31.73  -60 59 29.4  10.874   0.449   0.311   0.179   0.94
 408  07 57 31.62  -61 02 36.9  16.319   1.281   1.088   0.933  99.99
 409  07 57 33.26  -60 32 19.9  12.691   1.170   1.153   1.011  99.99
 410  07 57 33.13  -60 42 01.3  16.127   1.056   0.995   0.830  99.99
 411  07 57 32.76  -60 53 48.8  14.012   1.098   1.027   0.764  99.99
 412  07 57 32.59  -61 03 51.5  16.994   1.084   0.918   0.453  99.99
 413  07 57 33.96  -60 42 02.8  15.325   1.003   0.909   0.541  99.99
 414  07 57 34.32  -60 34 53.3  13.628   0.674   0.561   0.057  99.99
 415  07 57 34.55  -60 31 16.9  16.324   0.935   0.858   0.429  99.99
 416  07 57 33.59  -61 04 36.4  16.666   0.976   0.885   0.555  99.99
 417  07 57 34.89  -60 42 33.8  15.928   1.151   1.029   0.740  99.99
 418  07 57 35.29  -60 32 54.0  16.279   0.898   0.807   0.354  99.99
 419  07 57 34.54  -60 59 34.8  10.238   0.251   0.181   0.145   0.99
 420  07 57 34.77  -61 03 30.3   8.712   0.129   0.079  -0.102  99.99
 421  07 57 35.86  -60 38 01.1  15.805   0.845   0.666   0.080  99.99
 422  07 57 36.34  -60 30 38.6  16.150   0.795   0.649   0.114  99.99
 423  07 57 36.04  -60 44 44.0  15.779   1.005   0.907   0.526  99.99
 424  07 57 36.07  -60 48 12.4  13.760   0.929   0.814   0.329  99.99
 425  07 57 36.65  -60 42 16.7  13.298   0.891   0.813   0.371  99.99
 426  07 57 37.15  -60 28 52.1  16.876   1.102   0.976   0.457  99.99
 427  07 57 36.60  -60 46 09.7  16.897   0.971   0.798   0.201  99.99
 428  07 57 36.39  -60 52 10.7  16.096   0.946   0.806   0.266  99.99
 429  07 57 36.25  -60 59 03.8  16.931   0.807   0.641   0.100  99.99
 430  07 57 36.48  -61 02 08.2  14.856   1.345   1.155   0.929  99.99
 431  07 57 37.75  -60 29 15.2  16.800   0.986   0.821   0.280  99.99
 432  07 57 37.70  -60 35 04.3  16.415   0.955   0.859   0.399  99.99
 433  07 57 37.99  -60 30 55.1  16.760   1.385   1.125   1.091  99.99
 434  07 57 37.45  -60 53 52.0  10.836   0.342   0.316   0.190   0.96
 435  07 57 38.01  -60 43 37.8  14.154   0.830   0.656   0.036  99.99
 436  07 57 38.12  -60 43 03.0  16.517   0.922   0.782   0.311  99.99
 437  07 57 38.15  -60 45 57.4  16.939   1.933   1.518  99.999  99.99
 438  07 57 37.83  -60 54 31.8   8.724   0.069   0.072  -0.082   0.99
 439  07 57 38.02  -60 50 19.7  11.602   1.497   1.476   1.765  99.99
 440  07 57 38.12  -60 56 56.0  11.107   0.421   0.374   0.156   0.99
 441  07 57 38.35  -60 53 25.5  11.195   0.463   0.383   0.125   0.99
 442  07 57 38.12  -61 00 31.9  16.973   0.925   0.779   0.256  99.99
 443  07 57 39.34  -60 28 34.7  16.018   1.473   1.282   1.012  99.99
 444  07 57 39.36  -60 29 04.7  16.262   1.124   1.034   0.756  99.99
 445  07 57 38.88  -60 43 52.9  15.314   1.285   1.126   1.003  99.99
 446  07 57 39.51  -60 35 23.5  15.730   1.280   1.111   0.648  99.99
 447  07 57 39.68  -60 35 08.6  14.144   0.785   0.657   0.077  99.99
 448  07 57 38.89  -60 57 37.6  16.931   1.005   0.868   0.321  99.99
 449  07 57 39.13  -61 02 09.2  12.745   0.787   0.666   0.116  99.99
 450  07 57 39.82  -60 46 39.1  15.622   1.568   1.287   1.143  99.99
 451  07 57 39.39  -61 02 59.9  16.821   1.245   1.060   0.664  99.99
 452  07 57 41.07  -60 43 38.6  10.148   0.154   0.157   0.126   0.99
 453  07 57 40.87  -61 03 30.1  13.030   0.826   0.691   0.156  99.99
 454  07 57 41.59  -60 49 49.4  16.728   0.974   0.851   0.360  99.99
 455  07 57 42.36  -60 27 52.1  15.739   0.795   0.648   0.060  99.99
 456  07 57 42.31  -60 36 58.9  16.356   0.959   0.856   0.358  99.99
 457  07 57 41.76  -60 53 20.2  16.937   1.270   1.098   0.837  99.99
 458  07 57 42.15  -60 48 47.5  16.999   1.374   1.213  99.999  99.99
 459  07 57 42.52  -60 41 24.2  16.824   0.953   0.847   0.298  99.99
 460  07 57 42.44  -60 44 52.4  16.277   1.227   1.088   0.864  99.99
 461  07 57 42.61  -60 41 55.3  15.399   0.896   0.739   0.164  99.99
 462  07 57 42.54  -60 44 37.3  16.877   0.983   0.866   0.572  99.99
 463  07 57 42.71  -60 44 20.7  12.648   0.772   0.636   0.113  99.99
 464  07 57 43.18  -60 37 50.8   9.395   0.072   0.031   0.025   0.99
 465  07 57 43.21  -60 37 12.8  16.751   1.119   0.991   0.619  99.99
 466  07 57 42.87  -60 55 45.2  13.940   0.767   0.651   0.130  99.99
 467  07 57 43.72  -60 31 52.9  15.035   1.042   0.949   0.693  99.99
 468  07 57 43.60  -60 47 05.9  14.233   0.939   0.773   0.205  99.99
 469  07 57 43.21  -60 59 25.9  16.706   1.413   1.222  99.999  99.99
 470  07 57 44.48  -60 28 02.3  14.827   0.860   0.721   0.199  99.99
 471  07 57 44.05  -60 47 27.6  13.790   0.873   0.727   0.249  99.99
 472  07 57 44.13  -60 48 38.9  12.152   0.554   0.425   0.214  99.99
 473  07 57 44.12  -60 57 36.1  15.707   0.914   0.764   0.191  99.99
 474  07 57 44.39  -60 59 31.6  15.843   0.865   0.741   0.228  99.99
 475  07 57 45.10  -60 47 52.6  11.706   0.648   0.507   0.089   0.99
 476  07 57 45.24  -60 47 25.4  16.107   0.901   0.731   0.212  99.99
 477  07 57 45.23  -60 49 08.2  16.126   0.868   0.685   0.083  99.99
 478  07 57 45.57  -60 41 58.9  16.121   1.059   0.966   0.578  99.99
 479  07 57 45.47  -60 46 34.6  14.498   0.954   0.806   0.273  99.99
 480  07 57 45.49  -60 47 02.3  10.604   0.360   0.241   0.179   0.99
 481  07 57 45.21  -60 56 19.5  11.346   0.579   0.460   0.089   0.99
 482  07 57 45.04  -61 01 34.3  13.800   0.770   0.603   0.059  99.99
 483  07 57 45.98  -60 40 43.2  16.846   0.510   0.370   0.157  99.99
 484  07 57 45.50  -61 00 22.9  14.724   1.110   1.018   0.746  99.99
 485  07 57 45.92  -60 49 34.4   9.195   0.174   0.051  -0.142   0.97
 486  07 57 46.64  -60 28 17.5  16.558   0.883   0.714   0.123  99.99
 487  07 57 46.07  -60 48 39.1  11.094   0.511   0.394   0.166   0.97
 488  07 57 46.13  -60 48 16.2  15.030   0.902   0.739   0.196  99.99
 489  07 57 46.60  -60 34 33.9  16.766   1.560   1.134   0.736  99.99
 490  07 57 46.76  -60 30 47.2  14.396   1.006   0.929   0.629  99.99
 491  07 57 47.77  -60 27 23.0  16.093   1.291   1.126   0.674  99.99
 492  07 57 47.07  -60 51 38.4  16.462   1.619   1.394   1.093  99.99
 493  07 57 46.86  -60 58 32.1  15.552   0.850   0.667   0.103  99.99
 494  07 57 46.82  -61 01 14.4  15.764   1.020   0.897   0.422  99.99
 495  07 57 47.60  -60 39 06.9  16.993   1.140   0.990   0.609  99.99
 496  07 57 46.99  -61 04 32.0  15.890   0.865   0.667   0.111  99.99
 497  07 57 47.65  -60 45 45.4  16.569   0.886   0.683   0.106  99.99
 498  07 57 47.32  -61 02 04.6  15.275   1.043   0.850   0.387  99.99
 499  07 57 48.34  -60 31 30.7  12.027   0.703   0.550   0.071  99.99
 500  07 57 48.16  -60 41 12.1  15.260   1.086   0.984   0.747  99.99
 501  07 57 47.85  -60 51 23.3  16.107   0.876   0.745   0.168  99.99
 502  07 57 47.50  -61 03 11.9  12.757   0.552   0.437   0.253  99.99
 503  07 57 48.27  -60 43 15.8  16.589   2.370   0.970  99.999  99.99
 504  07 57 47.89  -60 56 12.8  13.821   0.904   0.828   0.339  99.99
 505  07 57 48.06  -60 51 17.7  16.978   0.829   0.616   0.018  99.99
 506  07 57 48.58  -60 35 37.3  16.688   0.794  99.999  99.999  99.99
 507  07 57 48.17  -60 48 56.5   9.552   0.130   0.092   0.035   0.99
 508  07 57 47.75  -61 03 04.7  16.246   1.576   1.343   1.357  99.99
 509  07 57 48.99  -60 35 38.9  11.168   0.461   0.349   0.087   0.88
 510  07 57 48.62  -60 50 26.9  16.685   0.924   0.827   0.281  99.99
 511  07 57 49.10  -60 40 50.8  15.828   0.855   0.586   0.155  99.99
 512  07 57 49.07  -60 42 27.0  15.265   0.916   0.803   0.279  99.99
 513  07 57 49.25  -60 44 12.3  14.285   0.850   0.672   0.021  99.99
 514  07 57 49.47  -60 43 16.7   9.632   0.089   0.071   0.048   0.99
 515  07 57 49.28  -60 51 34.9  16.395   1.126   0.997   0.523  99.99
 516  07 57 49.60  -60 56 35.1  16.455   1.183   1.086   0.884  99.99
 517  07 57 50.86  -60 32 23.9  14.587   0.800   0.683   0.177  99.99
 518  07 57 50.96  -60 34 53.9  15.762   0.871   0.723   0.176  99.99
 519  07 57 50.48  -60 57 32.8  16.794   1.095   0.910   0.438  99.99
 520  07 57 51.45  -60 39 09.8  11.532   0.824   0.748   0.329   0.00
 521  07 57 51.54  -60 37 17.9  14.543   1.054   0.869   0.361  99.99
 522  07 57 51.94  -60 35 12.1  14.862   0.958   0.858   0.413  99.99
 523  07 57 51.41  -60 57 00.0  15.927   0.967   0.741   0.108  99.99
 524  07 57 51.90  -60 45 06.5  10.870   0.362   0.318   0.182   0.99
 525  07 57 52.13  -60 47 33.9  15.342   0.899   0.753   0.186  99.99
 526  07 57 51.76  -61 03 49.7  16.656   1.029   0.882   0.367  99.99
 527  07 57 52.31  -60 46 26.2  13.186   1.409   1.401   1.624  99.99
 528  07 57 52.49  -60 42 05.2  15.264   1.064   0.921   0.520  99.99
 529  07 57 51.88  -61 04 21.5  16.920   1.822   1.447  99.999  99.99
 530  07 57 52.92  -60 29 49.8  16.888   0.916   0.734   0.230  99.99
 531  07 57 52.13  -61 00 31.4  14.353   1.031   0.924   0.521  99.99
 532  07 57 52.82  -60 46 48.1  16.723   0.941   0.722   0.070  99.99
 533  07 57 52.85  -60 46 59.6  13.104   0.895   0.741   0.208  99.99
 534  07 57 52.96  -60 45 51.3  16.131   0.944   0.784   0.297  99.99
 535  07 57 52.64  -60 57 39.0  15.440   0.871   0.715   0.179  99.99
 536  07 57 52.82  -60 55 44.1  12.218   0.820   0.722   0.221  99.99
 537  07 57 52.74  -60 59 43.8  16.551   0.867   0.687   0.063  99.99
 538  07 57 52.98  -60 55 43.4  12.991   0.840   0.803   0.605  99.99
 539  07 57 53.96  -60 30 04.6  12.843   2.047   1.774   2.160  99.99
 540  07 57 53.62  -61 00 28.3  15.551   0.875   0.719   0.214  99.99
 541  07 57 53.96  -61 03 22.9  16.858   0.910   0.706   0.051  99.99
 542  07 57 54.50  -60 45 08.4  13.787   0.937   0.819   0.349  99.99
 543  07 57 54.11  -61 00 30.5  14.759   1.140   1.020   0.766  99.99
 544  07 57 54.32  -61 01 04.5  16.678   0.939   0.821   0.307  99.99
 545  07 57 54.35  -61 00 45.5  16.869   1.168   0.996   0.562  99.99
 546  07 57 54.78  -60 51 44.5  14.015   1.174   1.078   0.706  99.99
 547  07 57 55.59  -60 29 08.0  15.663   1.235   1.159   1.050  99.99
 548  07 57 55.63  -60 36 06.2  16.103   1.599   1.332   1.147  99.99
 549  07 57 55.48  -60 43 20.9  13.976   1.005   0.872   0.427  99.99
 550  07 57 55.74  -60 35 16.2  15.629   0.980   0.939   0.600  99.99
 551  07 57 55.40  -60 48 26.8  12.869   0.881   0.709   0.128  99.99
 552  07 57 55.45  -60 46 21.7  14.364   1.601   1.488   1.649  99.99
 553  07 57 55.62  -60 40 39.6  12.622   0.715   0.604   0.084  99.99
 554  07 57 55.90  -60 34 51.5  15.790   0.827   0.705   0.201  99.99
 555  07 57 55.20  -61 00 54.1  13.038   1.100   0.971   0.527  99.99
 556  07 57 55.23  -61 01 17.5  16.987   1.034   0.945   0.666  99.99
 557  07 57 55.60  -60 52 57.5  12.639   1.221   1.144   0.972  99.99
 558  07 57 56.36  -60 28 07.0  16.469   0.903   0.745   0.152  99.99
 559  07 57 56.14  -60 36 41.8  13.763   1.218   1.124   1.018  99.99
 560  07 57 56.12  -60 42 22.9  13.019   1.100   1.068   0.969  99.99
 561  07 57 56.10  -60 54 58.7  14.456   1.053   0.948   0.579  99.99
 562  07 57 56.82  -60 50 33.4  12.702   0.763   0.649   0.112  99.99
 563  07 57 57.56  -60 32 34.4  14.768   0.857   0.713   0.180  99.99
 564  07 57 57.25  -60 45 26.2   9.375   0.140   0.060   0.030   0.99
 565  07 57 57.36  -60 44 16.4   9.841   0.255   0.195   0.153   0.99
 566  07 57 57.62  -60 49 46.3  13.439   0.742   0.609   0.057  99.99
 567  07 57 57.67  -60 53 38.6  14.369   1.051   0.909   0.471  99.99
 568  07 57 58.05  -60 40 54.4  16.853   0.835   0.701   0.076  99.99
 569  07 57 58.04  -60 45 44.5  15.219   1.425   1.204   1.023  99.99
 570  07 57 58.02  -60 50 45.1   8.960   0.128   0.095   0.060   0.99
 571  07 57 57.82  -61 00 15.1  13.479   0.745   0.595   0.055  99.99
 572  07 57 58.59  -60 36 37.0  16.131   1.163   1.156   1.011  99.99
 573  07 57 58.62  -61 03 38.7  14.913   1.167   1.045   0.765  99.99
 574  07 57 59.40  -60 36 54.7  16.039   0.910   0.705   0.162  99.99
 575  07 57 59.32  -60 56 53.2  12.674   0.827   0.665   0.116  99.99
 576  07 57 59.90  -60 45 31.3  15.970   0.891   0.674   0.105  99.99
 577  07 58 00.16  -60 37 57.7  16.927   1.329   1.218   1.143  99.99
 578  07 58 00.39  -60 35 53.5  12.955   1.462   1.413   1.580  99.99
 579  07 58 00.45  -60 41 20.2  14.856   1.277   1.107   0.904  99.99
 580  07 58 00.65  -60 35 23.1  15.966   0.806   0.693   0.180  99.99
 581  07 58 00.08  -60 58 31.4  15.124   1.176   1.132   1.041  99.99
 582  07 58 00.10  -61 00 22.2  15.957   0.803   0.711   0.255  99.99
 583  07 58 00.34  -60 52 11.8  15.741   1.690   1.399   1.171  99.99
 584  07 58 00.48  -60 48 50.9  16.708   1.056   0.851   0.490  99.99
 585  07 58 01.09  -60 28 48.9  15.881   0.859   0.776   0.365  99.99
 586  07 58 01.14  -60 31 23.9  14.587   1.060   0.988   0.652  99.99
 587  07 58 01.21  -60 34 06.7  16.684   0.929   0.764   0.223  99.99
 588  07 58 00.88  -60 48 01.9  16.721   1.031   0.904   0.269  99.99
 589  07 58 00.86  -61 03 12.5  16.331   1.590   1.371   1.248  99.99
 590  07 58 01.23  -60 48 45.5  14.000   0.792   0.609   0.078  99.99
 591  07 58 01.20  -60 51 45.7  16.384   1.083   0.969   0.646  99.99
 592  07 58 01.90  -60 32 50.9  11.062   0.416   0.362   0.119   0.99
 593  07 58 02.08  -60 28 35.2  14.111   0.750   0.629   0.120  99.99
 594  07 58 01.82  -60 43 40.1  10.365   0.479   0.394   0.117   0.99
 595  07 58 01.50  -60 56 42.1  15.626   1.436   1.351   1.335  99.99
 596  07 58 01.91  -60 42 54.1  11.953   0.700   0.538   0.067  99.99
 597  07 58 02.45  -60 30 59.2  15.829   0.869   0.745   0.192  99.99
 598  07 58 02.47  -60 31 43.0  15.943   1.017   0.853   0.337  99.99
 599  07 58 02.01  -60 54 56.6  16.207   0.978   0.854   0.321  99.99

 600  07 58 02.38  -60 46 47.1  12.049   0.749   0.602   0.103  99.99
 601  07 58 02.14  -60 59 09.5  15.882   0.856   0.667   0.037  99.99
 602  07 58 02.50  -60 48 46.4   8.855   0.106   0.079  -0.241   0.99
 603  07 58 02.22  -60 59 48.6  14.994   0.792   0.628   0.051  99.99
 604  07 58 02.95  -60 57 25.3  14.720   1.180   1.105   0.914  99.99
 605  07 58 03.38  -61 01 27.4  11.224   0.645   0.484   0.014  99.99
 606  07 58 04.33  -60 33 29.0  16.703   1.189   1.086   0.979  99.99
 607  07 58 04.48  -60 29 31.4  12.664   1.123   1.071   0.758  99.99
 608  07 58 04.70  -60 35 04.3  13.077   0.775   0.680   0.142  99.99
 609  07 58 04.60  -60 40 30.4  15.424   1.284   1.161   1.038  99.99
 610  07 58 04.88  -60 35 50.3  16.942   0.893   0.760   0.159  99.99
 611  07 58 04.80  -60 41 02.2  16.326   0.924   0.815   0.326  99.99
 612  07 58 04.44  -60 57 37.3  15.429   0.845   0.705   0.160  99.99
 613  07 58 04.75  -60 57 45.5  14.459   0.793   0.638   0.128  99.99
 614  07 58 05.15  -60 46 11.7  14.064   1.145   0.964   0.572  99.99
 615  07 58 05.28  -60 45 03.7  12.688   0.759   0.634   0.117  99.99
 616  07 58 05.25  -60 47 40.0  11.940   0.654   0.536   0.069  99.99
 617  07 58 05.71  -60 40 10.6  15.829   0.878   0.791   0.401  99.99
 618  07 58 06.16  -60 35 54.1  14.426   1.837   1.363   1.134  99.99
 619  07 58 05.82  -60 53 06.4  14.515   0.534   0.439   0.201  99.99
 620  07 58 06.45  -60 29 28.5  15.244   0.856   0.715   0.114  99.99
 621  07 58 06.16  -60 48 32.7  13.312   1.278   1.225   1.074  99.99
 622  07 58 06.28  -60 45 58.8  15.113   1.013   0.848   0.370  99.99
 623  07 58 06.93  -60 27 27.2  14.111   1.089   0.942   0.532  99.99
 624  07 58 06.37  -60 57 52.8  16.082   1.007   0.864   0.358  99.99
 625  07 58 06.34  -61 01 20.9  14.608   0.860   0.697   0.119  99.99
 626  07 58 06.60  -60 52 35.3  16.847   1.023   0.875   0.354  99.99
 627  07 58 06.80  -60 46 32.6  13.541   0.884   0.766   0.367  99.99
 628  07 58 07.69  -60 28 37.9  16.803   0.934   0.810   0.260  99.99
 629  07 58 07.41  -60 44 33.9  16.125   1.511   1.304   1.252  99.99
 630  07 58 07.55  -60 51 14.0  15.083   0.562   0.395   0.135  99.99
 631  07 58 08.08  -60 27 32.9  14.696   0.638   0.485   0.101  99.99
 632  07 58 07.72  -60 46 33.2  10.694   0.453   0.345   0.168   0.79
 633  07 58 07.71  -60 50 01.9  14.988   1.182   1.065   0.837  99.99
 634  07 58 07.89  -60 59 59.8  15.645   0.893   0.749   0.168  99.99
 635  07 58 08.71  -60 29 20.5  13.762   1.158   1.131   0.981  99.99
 636  07 58 08.86  -60 44 41.2  12.279   0.692   0.536   0.064  99.99
 637  07 58 08.55  -61 03 04.1  16.521   0.949   0.741   0.141  99.99
 638  07 58 08.86  -60 57 30.4  15.224   0.916   0.804   0.417  99.99
 639  07 58 09.27  -60 49 18.3  14.452   0.880   0.736   0.211  99.99
 640  07 58 09.07  -61 00 01.6  16.068   0.887   0.729   0.210  99.99
 641  07 58 09.84  -60 34 00.8  14.238   0.900   0.782   0.351  99.99
 642  07 58 09.37  -60 57 15.1  15.132   0.811   0.672   0.170  99.99
 643  07 58 09.49  -60 59 41.0  15.632   1.358   1.202   1.164  99.99
 644  07 58 09.60  -60 59 31.8  15.625   1.299   1.196   1.191  99.99
 645  07 58 10.49  -60 37 04.3  16.477   1.060   0.572   0.075  99.99
 646  07 58 10.51  -60 37 03.2  14.489   0.627   0.532   0.035  99.99
 647  07 58 10.32  -60 47 31.4  15.528   0.944   0.806   0.353  99.99
 648  07 58 10.18  -60 54 17.7  16.647   0.856   0.734   0.223  99.99
 649  07 58 10.48  -60 51 57.2   9.476   0.241   0.191   0.166   0.94
 650  07 58 10.86  -60 35 53.4  16.079   0.908   0.793   0.357  99.99
 651  07 58 10.59  -60 50 53.6  15.162   1.211   1.101   0.907  99.99
 652  07 58 10.76  -60 49 32.7  12.026   0.670   0.554   0.067  99.99
 653  07 58 11.08  -60 41 02.7  15.739   0.883   0.816   0.441  99.99
 654  07 58 11.12  -60 42 57.2  15.080   0.851   0.698   0.198  99.99
 655  07 58 10.72  -61 02 55.5  16.640   0.922   0.709   0.157  99.99
 656  07 58 11.16  -60 46 56.0  16.297   0.930   0.745   0.125  99.99
 657  07 58 11.27  -60 50 00.0  13.951   0.992   0.846   0.367  99.99
 658  07 58 11.51  -60 45 48.2  14.060   0.806   0.627   0.004  99.99
 659  07 58 11.83  -60 51 56.3  16.246   1.188   1.022   0.740  99.99
 660  07 58 11.61  -61 03 31.0  16.974   1.051   0.892   0.498  99.99
 661  07 58 12.27  -60 34 42.3  16.209   0.918   0.784   0.258  99.99
 662  07 58 11.85  -61 00 38.3  12.481   1.177   1.130   0.939  99.99
 663  07 58 12.30  -60 51 43.4  16.441   1.130   0.880   0.187  99.99
 664  07 58 12.67  -60 37 38.4  16.223   0.754   0.614  -0.011  99.99
 665  07 58 12.26  -60 59 34.4  15.719   0.826   0.687   0.191  99.99
 666  07 58 12.86  -60 38 37.4  11.956   0.630   0.500   0.059  99.99
 667  07 58 12.88  -60 38 53.6  14.289   0.979   0.914   0.654  99.99
 668  07 58 12.75  -60 48 32.8  16.589   0.852   0.716   0.083  99.99
 669  07 58 13.23  -60 31 31.6  15.606   0.925   0.754   0.181  99.99
 670  07 58 12.75  -61 01 51.7  13.497   1.002   0.901   0.493  99.99
 671  07 58 13.20  -60 49 24.9  12.208   1.187   1.169   1.210  99.99
 672  07 58 13.27  -60 59 12.2  16.308   0.917   0.756   0.225  99.99
 673  07 58 13.94  -60 33 43.5  16.803   0.859   0.746   0.181  99.99
 674  07 58 14.01  -60 39 03.1  10.429   0.299   0.272   0.168   0.00
 675  07 58 13.91  -60 45 25.1  14.686   1.139   0.977   0.659  99.99
 676  07 58 13.86  -60 49 51.0  16.533   1.866   1.508   1.398  99.99
 677  07 58 13.83  -60 59 34.6  13.951   1.156   1.048   0.701  99.99
 678  07 58 13.84  -61 01 09.4  15.262   0.913   0.789   0.319  99.99
 679  07 58 13.96  -61 03 51.4  16.936   0.891   0.731   0.088  99.99
 680  07 58 14.50  -60 43 33.4   9.684   0.284   0.208   0.149   0.99
 681  07 58 14.16  -61 02 17.9  15.685   1.196   1.113   0.903  99.99
 682  07 58 14.72  -60 45 18.3  10.098   0.175   0.120   0.131   0.99
 683  07 58 14.86  -60 39 00.5  16.905   1.191  99.999  99.999  99.99
 684  07 58 14.70  -61 03 22.1  16.838   0.954   0.786   0.376  99.99
 685  07 58 15.23  -60 40 43.7  16.974   1.146   0.996   0.759  99.99
 686  07 58 15.35  -60 43 03.4  16.475   1.014   0.898   0.454  99.99
 687  07 58 15.19  -60 55 39.0  16.149   0.801   0.653   0.046  99.99
 688  07 58 15.65  -60 42 16.1  16.637   0.884   0.717   0.093  99.99
 689  07 58 15.55  -60 48 21.0  16.803   1.266   1.205  99.999  99.99
 690  07 58 15.90  -61 05 18.1  16.502   1.128   0.961   0.443  99.99
 691  07 58 16.21  -60 59 26.9  16.331   1.055   0.926   0.600  99.99
 692  07 58 16.60  -60 49 25.1  14.007   0.848   0.735   0.219  99.99
 693  07 58 16.66  -60 46 51.6  15.259   1.293   1.116   0.904  99.99
 694  07 58 16.83  -60 54 52.4  14.036   0.951   0.854   0.411  99.99
 695  07 58 17.14  -60 56 47.2  15.139   0.878   0.713   0.175  99.99
 696  07 58 17.48  -60 50 05.6  13.896   1.907   1.415   1.209  99.99
 697  07 58 17.85  -60 35 40.4  15.858   1.406   1.257   1.210  99.99
 698  07 58 17.89  -60 48 15.2  15.753   1.162   1.019   0.548  99.99
 699  07 58 17.66  -61 03 49.0  16.198   0.883   0.667   0.072  99.99
 700  07 58 18.03  -60 45 15.9  11.476   0.694   0.530   0.045   0.99
 701  07 58 18.46  -60 33 37.0  15.083   1.076   0.953   0.728  99.99
 702  07 58 18.13  -60 59 05.2  13.291   0.831   0.695   0.114  99.99
 703  07 58 18.39  -60 44 46.2  16.441   1.118   0.929   0.206  99.99
 704  07 58 19.02  -60 55 23.7  14.271   0.832   0.705   0.134  99.99
 705  07 58 19.46  -60 28 49.4  16.218   0.791   0.666   0.120  99.99
 706  07 58 19.26  -60 51 59.8  15.286   1.249   1.113   0.944  99.99
 707  07 58 19.73  -60 30 56.4  14.775   0.935   0.875   0.528  99.99
 708  07 58 19.78  -60 35 34.9  14.283   0.731   0.607   0.071  99.99
 709  07 58 19.83  -60 41 59.2  12.326   0.718   0.581   0.048  99.99
 710  07 58 19.62  -60 59 20.1  16.982   0.965   0.811   0.108  99.99
 711  07 58 19.81  -60 49 38.5  10.969   0.418   0.335   0.150   0.99
 712  07 58 19.90  -60 43 41.2  15.477   1.277   1.200   1.163  99.99
 713  07 58 19.73  -61 02 36.8  14.275   1.528   1.416   1.497  99.99
 714  07 58 20.29  -60 41 40.4  12.924   0.764   0.658   0.122  99.99
 715  07 58 20.53  -60 33 18.7  14.892   0.728   0.816  -0.266  99.99
 716  07 58 20.58  -60 33 18.5  13.934   0.831   0.667   0.119  99.99
 717  07 58 20.84  -60 55 38.2  14.768   0.749   0.594   0.065  99.99
 718  07 58 21.24  -60 36 20.8  15.201   1.087   1.023   0.673  99.99
 719  07 58 21.48  -60 30 53.2  16.089   0.813   0.660   0.074  99.99
 720  07 58 21.62  -60 58 50.3  14.728   1.305   1.144   0.940  99.99
 721  07 58 22.01  -61 03 11.0  13.160   1.452   1.325   1.269  99.99
 722  07 58 22.64  -60 32 28.2  16.129   0.868   0.650   0.096  99.99
 723  07 58 22.38  -60 59 14.7  16.991   1.398   1.221  99.999  99.99
 724  07 58 22.91  -60 40 20.9  14.640   1.151   0.949   0.529  99.99
 725  07 58 23.18  -60 54 55.9  16.176   1.092   0.731   0.047  99.99
 726  07 58 23.25  -61 00 38.2  16.015   1.069   0.958   0.689  99.99
 727  07 58 23.60  -60 37 23.2  12.347   0.675   0.567   0.042  99.99
 728  07 58 23.50  -60 46 49.7  14.835   1.141   1.036   0.769  99.99
 729  07 58 23.41  -60 54 56.8  14.239   1.176   0.953   0.509  99.99
 730  07 58 23.68  -60 39 15.2  16.681   0.876   0.746   0.197  99.99
 731  07 58 23.76  -61 03 44.2  13.160   0.838   0.702   0.163  99.99
 732  07 58 24.26  -60 33 25.2  16.012   0.316   0.258   0.184  99.99
 733  07 58 24.09  -60 52 30.9   9.394   0.108   0.076   0.024   0.99
 734  07 58 24.31  -60 55 15.4  16.737   0.949   0.816   0.331  99.99
 735  07 58 24.49  -60 54 34.1  13.963   1.031   0.945   0.622  99.99
 736  07 58 25.30  -60 52 06.2  16.291   1.185   1.099   1.000  99.99
 737  07 58 25.57  -60 35 16.1  15.916   0.890   0.786   0.331  99.99
 738  07 58 25.36  -61 01 11.2  16.798   0.895   0.740   0.263  99.99
 739  07 58 25.38  -61 00 54.1  14.982   0.851   0.641   0.072  99.99
 740  07 58 25.79  -60 44 45.8   9.811   1.327   1.351   1.458   0.00
 741  07 58 25.83  -60 53 17.4  16.296   1.015   0.886   0.435  99.99
 742  07 58 25.80  -61 04 53.1  15.528   0.854   0.606   0.083  99.99
 743  07 58 26.10  -60 44 14.3  14.903   1.122   1.038   0.781  99.99
 744  07 58 26.21  -60 47 18.7  16.370   1.031   0.897   0.352  99.99
 745  07 58 26.24  -60 48 12.4  16.588   1.066  99.999  99.999  99.99
 746  07 58 26.53  -60 29 06.0  15.967   0.780   0.605   0.066  99.99
 747  07 58 26.43  -60 51 55.1  16.983   1.037   0.881   0.406  99.99
 748  07 58 26.84  -60 45 10.6  15.859   1.444   1.246   1.080  99.99
 749  07 58 26.78  -60 59 45.5  15.617   0.908   0.762   0.194  99.99
 750  07 58 27.19  -60 28 15.4  16.764   0.864   0.723   0.110  99.99
 751  07 58 26.83  -60 59 54.6  16.181   0.975   0.820   0.330  99.99
 752  07 58 26.98  -60 58 35.5  14.246   0.772   0.635   0.139  99.99
 753  07 58 27.29  -60 48 07.4   8.529   0.103   0.009  -0.128   0.99
 754  07 58 27.54  -60 29 40.7  15.616   1.116   0.999   0.711  99.99
 755  07 58 28.07  -60 35 59.3  16.531   1.096   0.950   0.595  99.99
 756  07 58 27.95  -60 48 40.6  16.565   1.282   1.234   1.160  99.99
 757  07 58 27.88  -60 57 22.3  14.369   1.048   0.970   0.737  99.99
 758  07 58 28.87  -60 34 15.7  13.932   1.211   1.114   0.896  99.99
 759  07 58 28.75  -61 03 18.1  16.786   1.591   1.386  99.999  99.99
 760  07 58 29.21  -61 03 53.5  15.784   1.020   0.907   0.501  99.99
 761  07 58 29.41  -60 48 43.4  15.245   0.792   0.632   0.132  99.99
 762  07 58 29.63  -60 39 44.5  16.716   1.048   0.973   0.680  99.99
 763  07 58 29.65  -60 41 51.8   9.738   0.143   0.098   0.083   0.99
 764  07 58 29.83  -60 49 00.8  16.215   1.816   1.410   1.292  99.99
 765  07 58 29.91  -61 01 01.0  13.703   0.749   0.596   0.051  99.99
 766  07 58 30.15  -60 42 22.6  16.914   1.062   0.978   0.616  99.99
 767  07 58 30.57  -60 46 30.2  11.692   0.625   0.482   0.055  99.99
 768  07 58 30.47  -60 57 19.1  10.348   0.234   0.180   0.144   0.99
 769  07 58 30.64  -60 46 01.9  14.021   1.120   1.014   0.742  99.99
 770  07 58 30.69  -60 43 45.4   8.757   0.020   0.000  -0.228   0.00
 771  07 58 30.74  -60 43 25.5  15.850   0.882   0.739   0.194  99.99
 772  07 58 30.90  -60 37 47.5  10.573   0.405   0.322   0.114   0.99
 773  07 58 30.81  -60 47 26.6  12.901   0.893   0.815   0.432  99.99
 774  07 58 31.17  -60 27 59.8  16.652   0.904   0.717   0.206  99.99
 775  07 58 31.00  -61 03 54.4  15.306   1.153   1.043   0.744  99.99
 776  07 58 31.26  -60 38 55.1  16.882   1.158   1.019   0.796  99.99
 777  07 58 31.37  -60 27 15.0  15.417   0.852   0.812   0.134  99.99
 778  07 58 31.50  -60 36 59.1  13.020   0.954   0.877   0.411  99.99
 779  07 58 31.52  -60 53 10.2  14.792   1.136   0.987   0.636  99.99
 780  07 58 31.48  -61 00 33.3  16.736   0.906   0.774   0.260  99.99
 781  07 58 31.68  -60 51 59.9  16.920   0.903   0.680   0.106  99.99
 782  07 58 32.01  -60 47 14.1  14.667   0.805   0.675   0.155  99.99
 783  07 58 32.20  -60 34 13.1  13.487   0.858   0.746   0.241  99.99
 784  07 58 32.08  -60 49 03.8  16.642   1.112   0.954   0.490  99.99
 785  07 58 32.04  -60 55 53.9  16.398   1.179   0.991   0.663  99.99
 786  07 58 32.07  -60 53 51.3  10.471   0.249   0.225   0.172   0.99
 787  07 58 32.17  -60 46 01.4  14.586   1.127   0.949   0.500  99.99
 788  07 58 32.07  -60 58 26.8  16.269   1.573   1.324   1.263  99.99
 789  07 58 32.17  -61 04 13.8  16.779   0.823   0.599   0.045  99.99
 790  07 58 32.58  -60 47 41.2  16.848   1.183   1.039   0.631  99.99
 791  07 58 32.71  -60 40 50.5  16.122   1.224   1.196   1.131  99.99
 792  07 58 32.60  -60 59 46.0  16.744   1.740   1.397  99.999  99.99
 793  07 58 33.26  -60 46 07.9  15.819   0.952   0.781   0.205  99.99
 794  07 58 33.35  -60 44 27.9  12.841   0.831   0.682   0.122  99.99
 795  07 58 33.32  -60 49 25.7  10.552   0.406   0.282   0.159   0.99
 796  07 58 33.62  -60 54 19.1  15.899   0.901   0.764   0.251  99.99
 797  07 58 34.16  -60 39 20.4  16.059   0.958   0.818   0.350  99.99
 798  07 58 33.98  -61 02 08.8  16.652   0.902   0.728   0.241  99.99
 799  07 58 34.39  -60 43 00.4  15.984   0.934   0.775   0.224  99.99

 800  07 58 34.53  -60 44 36.4  16.749   0.912   0.752   0.253  99.99
 801  07 58 34.62  -60 42 05.4  10.312   0.516   0.419   0.108   0.99
 802  07 58 34.91  -60 36 57.0  16.207   1.044   0.950   0.582  99.99
 803  07 58 35.00  -60 34 06.5   9.665   0.128   0.090   0.092   0.97
 804  07 58 34.84  -61 03 11.9  13.108   0.820   0.699   0.161  99.99
 805  07 58 35.41  -60 56 42.7  16.372   0.938   0.733   0.154  99.99
 806  07 58 35.59  -60 48 39.8  15.620   2.449   1.441   1.083  99.99
 807  07 58 35.72  -60 46 52.7  13.334   0.844   0.723   0.182  99.99
 808  07 58 35.83  -60 40 40.9  14.183   1.120   1.033   0.879  99.99
 809  07 58 36.17  -60 43 22.6  16.424   0.992   0.803   0.211  99.99
 810  07 58 36.19  -60 42 47.2  16.418   0.936   0.791   0.214  99.99
 811  07 58 36.45  -60 50 17.8  12.586   0.655   0.567   0.075   0.98
 812  07 58 36.52  -60 50 18.9  12.383   0.745   0.613   0.110   0.98
 813  07 58 36.88  -60 53 20.3  16.647   0.932   0.742   0.110  99.99
 814  07 58 36.95  -60 45 11.2  15.332   0.930   0.788   0.310  99.99
 815  07 58 36.90  -61 04 34.0  13.401   0.852   0.733   0.198  99.99
 816  07 58 37.04  -60 46 28.7  15.188   1.206   1.085   0.882  99.99
 817  07 58 37.08  -60 53 08.5  16.753   0.923   0.756   0.178  99.99
 818  07 58 37.27  -60 35 38.2  15.355   1.267   1.144   1.041  99.99
 819  07 58 37.24  -60 42 31.8  14.733   0.986   0.899   0.497  99.99
 820  07 58 37.34  -60 48 05.2  16.656   0.928   0.724   0.095  99.99
 821  07 58 37.36  -60 46 02.9  13.492   0.377   0.317   0.226  99.99
 822  07 58 37.43  -60 35 01.1  15.481   0.885   0.748   0.279  99.99
 823  07 58 37.39  -60 51 11.3  14.445   0.613   0.470   0.166  99.99
 824  07 58 37.42  -60 46 10.1  15.038   1.176   1.067   0.855  99.99
 825  07 58 37.39  -61 02 11.2  14.880   1.037   0.968   0.802  99.99
 826  07 58 37.60  -60 52 31.0  15.797   1.040   0.905   0.445  99.99
 827  07 58 37.76  -60 33 39.2  10.879   0.341   0.262   0.119   0.99
 828  07 58 37.73  -60 39 20.5   9.607   0.091   0.073   0.055   0.99
 829  07 58 37.95  -60 32 04.3  13.973   0.748   0.577   0.034  99.99
 830  07 58 38.14  -61 00 48.7   9.411   0.190   0.155   0.145   0.99
 831  07 58 38.78  -60 46 53.5  16.933   1.045   0.927   0.551  99.99
 832  07 58 38.86  -60 43 18.7  15.866   0.916   0.780   0.239  99.99
 833  07 58 38.93  -60 37 14.6  16.618   1.004   0.899   0.593  99.99
 834  07 58 38.98  -60 48 23.5  16.884   1.783   1.437   1.394  99.99
 835  07 58 39.03  -60 45 22.0  14.338   1.010   0.904   0.512  99.99
 836  07 58 39.41  -60 56 42.2  15.590   0.765   0.565   0.047  99.99
 837  07 58 39.53  -60 37 35.9  15.245   0.964   0.897   0.592  99.99
 838  07 58 40.01  -60 41 43.0  12.278   0.681   0.571   0.019  99.99
 839  07 58 40.24  -60 33 31.8  13.863   0.544   0.415   0.066  99.99
 840  07 58 40.26  -60 37 18.0  15.964   0.800   0.635   0.108  99.99
 841  07 58 40.65  -60 47 18.4  16.087   1.053   0.925   0.503  99.99
 842  07 58 40.75  -60 41 53.3  13.676   0.877   0.790   0.240  99.99
 843  07 58 41.09  -61 01 50.8  16.140   0.862   0.718   0.165  99.99
 844  07 58 41.16  -60 57 25.0  15.599   0.876   0.741   0.247  99.99
 845  07 58 41.20  -61 00 00.0  16.423   1.469   1.243   0.742  99.99
 846  07 58 41.33  -60 36 48.4  15.631   1.029   0.947   0.686  99.99
 847  07 58 41.27  -60 58 09.8  15.040   1.285   1.227   1.072  99.99
 848  07 58 41.31  -61 01 01.6  16.267   1.041   0.889   0.475  99.99
 849  07 58 41.62  -60 52 12.3  16.565   0.979   0.874   0.526  99.99
 850  07 58 41.76  -60 33 29.9  16.643   0.895   0.750   0.227  99.99
 851  07 58 42.44  -60 54 06.5  16.914   0.937   0.803   0.391  99.99
 852  07 58 42.53  -60 40 19.9  13.722   0.878   0.788   0.267  99.99
 853  07 58 42.61  -60 42 38.3  14.241   0.827   0.709   0.194  99.99
 854  07 58 42.98  -61 01 05.2  14.954   1.162   1.025   0.540  99.99
 855  07 58 43.27  -60 55 26.0  13.820   0.960   0.802   0.285  99.99
 856  07 58 43.50  -60 51 42.7  13.710   0.985   0.834   0.333  99.99
 857  07 58 43.72  -60 32 56.8  12.665   0.885   0.748   0.251  99.99
 858  07 58 43.90  -60 46 36.2  10.580   0.211   0.127   0.094   0.00
 859  07 58 43.93  -60 42 17.4  13.997   0.845   0.672  -0.141  99.99
 860  07 58 43.98  -60 32 05.0  10.901   0.670   0.492  -0.046   0.00
 861  07 58 43.93  -60 50 24.2  16.657   0.843   0.623   0.062  99.99
 862  07 58 43.97  -60 52 29.7  16.361   0.848   0.724   0.224  99.99
 863  07 58 44.17  -60 56 01.4  14.508   1.051   0.956   0.635  99.99
 864  07 58 44.42  -60 37 46.9  16.599   1.038   0.900   0.437  99.99
 865  07 58 44.70  -60 58 59.7  15.334   1.143   0.964   0.528  99.99
 866  07 58 45.30  -60 52 19.4  16.115   0.926   0.821   0.339  99.99
 867  07 58 46.33  -60 51 45.8  15.543   1.208   1.142   0.873  99.99
 868  07 58 46.84  -60 55 25.8  14.902   0.749   0.588   0.067  99.99
 869  07 58 47.14  -60 50 56.0  16.110   0.752   0.606   0.077  99.99
 870  07 58 47.21  -61 02 08.2  14.693   0.721   0.521   0.111  99.99
 871  07 58 47.27  -60 32 43.4  15.784   0.792   0.551   0.022  99.99
 872  07 58 47.45  -60 55 24.7  14.858   1.143   1.017   0.788  99.99
 873  07 58 47.61  -60 51 37.9  11.342   0.553   0.403   0.092   0.99
 874  07 58 48.06  -60 54 14.7  14.390   1.061   0.908   0.452  99.99
 875  07 58 48.35  -60 59 26.9  15.159   1.124   1.008   0.794  99.99
 876  07 58 48.67  -60 55 25.1  11.928   0.635   0.526   0.055  99.99
 877  07 58 48.92  -61 04 04.9  15.134   1.242   1.146   0.931  99.99
 878  07 58 49.39  -60 59 20.9  16.155   0.922   0.730   0.107  99.99
 879  07 58 49.39  -60 42 30.8  16.410   0.969   0.748   0.103  99.99
 880  07 58 49.44  -60 49 05.0  16.964   0.854   0.678  99.999  99.99
 881  07 58 49.58  -60 36 07.4  14.951   0.824   0.571   0.009  99.99
 882  07 58 49.87  -60 38 38.9   9.559   0.150   0.096   0.010   0.99
 883  07 58 49.99  -60 49 59.2  15.180   0.929   0.768   0.143  99.99
 884  07 58 50.03  -60 32 10.0  14.852   0.870   0.697   0.239  99.99
 885  07 58 50.81  -60 32 01.3  16.538   0.906   0.730   0.233  99.99
 886  07 58 50.90  -60 38 35.0   9.528   0.125   0.079   0.010   0.99
 887  07 58 50.93  -60 55 07.2  11.199   0.480   0.413   0.098   0.99
 888  07 58 51.39  -60 40 02.5  10.838   0.337   0.277   0.108   0.99
 889  07 58 51.67  -61 03 52.4  15.814   1.193   1.078   0.802  99.99
 890  07 58 51.71  -60 36 10.7  14.971   0.850   0.620   0.094  99.99
 891  07 58 51.82  -60 35 20.0  14.816   1.155   0.950   0.553  99.99
 892  07 58 52.24  -60 33 57.5  16.014   1.218   1.168   1.067  99.99
 893  07 58 52.32  -60 53 38.2  12.149   0.777   0.660   0.139  99.99
 894  07 58 52.32  -60 49 05.4  16.990   1.783   1.482  99.999  99.99
 895  07 58 52.40  -60 38 39.3  16.737   0.879   0.704   0.091  99.99
 896  07 58 52.85  -60 48 01.4  15.321   1.163   1.029   0.679  99.99
 897  07 58 52.96  -60 36 10.1   9.794   0.247   0.179   0.074   0.99
 898  07 58 53.12  -60 52 43.3  16.387   0.820   0.690   0.131  99.99
 899  07 58 53.24  -61 03 46.9  16.646   0.743   0.533   0.012  99.99
 900  07 58 53.54  -61 01 33.6  14.814   0.548   0.409   0.173  99.99
 901  07 58 53.58  -60 42 08.1  15.993   0.931   0.702   0.137  99.99
 902  07 58 53.61  -60 54 24.7  16.899   2.080   1.492  99.999  99.99
 903  07 58 53.70  -60 53 07.3  16.682   1.124   1.009   0.756  99.99
 904  07 58 53.81  -60 54 37.3  16.919   0.946   0.818   0.332  99.99
 905  07 58 54.42  -60 43 40.5  16.332   0.836   0.619   0.043  99.99
 906  07 58 54.51  -61 03 55.1  16.718   1.136   0.981   0.602  99.99
 907  07 58 54.75  -60 34 39.0  16.785   0.920   0.837   0.420  99.99
 908  07 58 55.26  -60 34 15.0  15.349   0.899   0.689   0.070  99.99
 909  07 58 56.00  -60 52 09.8  15.895   0.971   0.844   0.386  99.99
 910  07 58 56.25  -60 49 54.2  15.356   0.758   0.581   0.049  99.99
 911  07 58 56.62  -60 59 15.7  16.064   1.135   1.023   0.739  99.99
 912  07 58 56.66  -60 54 10.0  13.943   1.284   1.181   1.007  99.99
 913  07 58 56.80  -61 03 03.9  16.030   0.861   0.662   0.102  99.99
 914  07 58 57.16  -60 36 12.2  14.975   1.200   1.026   0.698  99.99
 915  07 58 57.40  -60 34 27.3  16.934   1.027   0.971   0.748  99.99
 916  07 58 57.51  -60 43 00.7  14.894   1.165   0.992   0.558  99.99
 917  07 58 58.10  -60 35 41.6  15.772   0.755   0.601   0.018  99.99
 918  07 58 58.22  -60 56 33.5  16.685   1.728   1.435  99.999  99.99
 919  07 58 58.34  -60 39 59.5  16.891   1.257   1.151   1.063  99.99
 920  07 58 58.41  -60 34 33.4  15.555   0.787   0.630   0.046  99.99
 921  07 58 58.83  -61 05 08.0  16.609   1.211   1.057   0.796  99.99
 922  07 58 58.90  -61 03 57.6  13.735   0.722   0.570   0.149  99.99
 923  07 58 59.72  -60 49 50.4  16.733   0.935   0.758   0.222  99.99
 924  07 58 59.83  -60 43 08.2  15.204   0.943   0.820   0.322  99.99
 925  07 58 59.91  -60 50 44.9  16.268   0.837   0.660   0.117  99.99
 926  07 59 00.21  -60 54 05.5  13.590   0.797   0.687   0.148  99.99
 927  07 59 00.14  -60 40 37.7  16.539   1.649   1.405   1.132  99.99
 928  07 59 00.26  -60 46 42.7  15.000   1.247   1.135   0.840  99.99
 929  07 59 00.54  -61 03 17.8  16.280   1.068   0.900   0.430  99.99
 930  07 59 00.64  -61 02 26.5  15.506   0.845   0.661   0.099  99.99
 931  07 59 00.57  -60 42 42.4  13.635   1.138   1.039   0.702  99.99
 932  07 59 00.76  -60 55 49.6  13.016   0.865   0.715   0.161  99.99
 933  07 59 00.68  -60 36 16.4  16.610   0.979   0.810   0.271  99.99
 934  07 59 01.62  -60 41 43.8  14.988   0.817   0.645   0.134  99.99
 935  07 59 02.68  -60 46 50.1  16.547   0.975   0.825   0.316  99.99
 936  07 59 02.72  -60 47 49.7  10.877   0.347   0.266   0.150   0.99
 937  07 59 02.88  -60 47 40.3  16.552   0.971   0.739   0.186  99.99
 938  07 59 02.86  -60 41 23.1  14.749   0.851   0.714   0.185  99.99
 939  07 59 02.90  -60 32 02.3  15.874   1.072   0.768  -0.003  99.99
 940  07 59 03.16  -60 49 05.6  14.217   1.339   1.262   1.134  99.99
 941  07 59 03.64  -60 57 57.7  16.995   0.911   0.648   0.072  99.99
 942  07 59 03.54  -60 37 06.5  16.611   1.081   0.988   0.584  99.99
 943  07 59 03.88  -61 05 30.6  16.593   0.953   0.741   0.105  99.99
 944  07 59 03.84  -60 35 33.5  15.351   0.837   0.673   0.089  99.99
 945  07 59 04.20  -60 53 16.1  15.708   0.912   0.729   0.102  99.99
 946  07 59 04.49  -61 01 14.7  15.319   1.275   1.182   1.032  99.99
 947  07 59 04.43  -60 33 39.5  13.493   0.817   0.741   0.256  99.99
 948  07 59 04.66  -60 37 07.9  15.484   1.296   1.162   0.988  99.99
 949  07 59 05.01  -60 56 37.0  11.503   0.562   0.446   0.088  99.99
 950  07 59 05.03  -60 53 11.9  15.957   0.912   0.740   0.147  99.99
 951  07 59 05.05  -60 54 33.1  16.694   0.846   0.646   0.034  99.99
 952  07 59 05.00  -60 32 48.2  16.825   0.897   0.672   0.079  99.99
 953  07 59 05.27  -60 50 04.4  10.411   0.759   0.644   0.166   0.00
 954  07 59 05.58  -60 53 23.3  16.507   1.011   0.878   0.454  99.99
 955  07 59 06.10  -60 32 38.8  16.605   1.592   1.330   1.820  99.99
 956  07 59 06.49  -61 05 12.7  15.926   0.803   0.595   0.064  99.99
 957  07 59 06.42  -60 52 35.5  16.894   0.777   0.607   0.055  99.99
 958  07 59 06.60  -60 51 21.7  16.941   1.022   0.848   0.306  99.99
 959  07 59 06.74  -61 03 17.6  15.503   1.342   1.208   1.121  99.99
 960  07 59 06.79  -61 00 41.5  15.678   0.899   0.737   0.171  99.99
 961  07 59 06.78  -60 51 53.4  15.969   1.456   1.253   1.250  99.99
 962  07 59 06.89  -60 46 51.7  16.514   1.446   1.243   1.331  99.99
 963  07 59 07.06  -61 02 59.3  15.490   1.063   0.864   0.351  99.99
 964  07 59 07.35  -60 53 46.3  16.485   0.934   0.788   0.307  99.99
 965  07 59 07.22  -60 39 22.3  16.241   1.042   0.895   0.407  99.99
 966  07 59 07.35  -60 44 19.8  12.053   0.977   0.658   0.120  99.99
 967  07 59 07.56  -61 01 43.7  14.297   0.970   0.826   0.298  99.99
 968  07 59 07.41  -60 38 45.8  11.761   1.311   1.238   1.148  99.99
 969  07 59 07.70  -60 39 28.9  15.091   0.889   0.831   0.398  99.99
 970  07 59 08.06  -61 04 38.2  16.509   0.829   0.602   0.069  99.99
 971  07 59 07.85  -60 41 49.4  16.871   0.889   0.723   0.029  99.99
 972  07 59 08.51  -60 59 23.6  15.816   1.042   0.930   0.559  99.99
 973  07 59 08.44  -60 50 44.8  15.306   0.815   0.616   0.040  99.99
 974  07 59 09.13  -60 41 02.2  16.394   0.891   0.736   0.108  99.99
 975  07 59 09.83  -60 59 01.6  16.104   1.021   0.932   0.564  99.99
 976  07 59 10.44  -61 01 40.8  15.905   1.118   1.020   0.746  99.99
 977  07 59 10.92  -60 49 40.8  14.016   0.765   0.621   0.097  99.99
 978  07 59 11.03  -60 47 53.4  16.526   1.301   1.133   0.950  99.99
 979  07 59 11.25  -60 49 43.6  16.151   1.117   1.010   0.782  99.99
 980  07 59 11.45  -60 49 05.5  14.701   1.088   0.986   0.724  99.99
 981  07 59 12.25  -60 51 38.0  15.628   0.818   0.615   0.069  99.99
 982  07 59 12.64  -60 54 10.4  14.658   0.975   0.900   0.570  99.99
 983  07 59 12.72  -60 58 13.5  15.924   0.998   0.858   0.453  99.99
 984  07 59 12.72  -60 40 18.6  16.424   1.082   0.992   0.706  99.99
 985  07 59 13.44  -61 05 10.6  16.264   0.734   0.534   0.063  99.99
 986  07 59 13.50  -61 01 44.8  15.504   1.162   1.060   0.796  99.99
 987  07 59 13.36  -60 40 23.4  13.636   0.896   0.784   0.232  99.99
 988  07 59 13.72  -60 54 30.5  12.897   0.771   0.633   0.087  99.99
 989  07 59 13.80  -60 50 19.3  16.887   0.957   0.822   0.342  99.99
 990  07 59 14.15  -61 04 22.0  14.450   0.889   0.756   0.328  99.99
 991  07 59 13.91  -60 32 07.4  16.669   0.949   0.794   0.468  99.99
 992  07 59 14.59  -61 04 13.1  15.874   1.115   0.986   0.859  99.99
 993  07 59 15.36  -60 52 05.9   9.936   0.183   0.123   0.132   0.99
 994  07 59 15.56  -60 41 19.5  16.894   1.758   1.450   1.227  99.99
 995  07 59 15.79  -60 47 35.9  16.499   1.862   1.450   1.238  99.99
 996  07 59 16.67  -60 49 19.9  13.576   0.817   0.677   0.160  99.99
 997  07 59 16.99  -60 40 33.5  14.234   1.214   1.075   0.717  99.99
 998  07 59 16.99  -60 34 12.6  12.078   0.783   0.678   0.178  99.99
 999  07 59 17.34  -60 52 36.6  15.904   0.833   0.642   0.060  99.99

1000  07 59 17.86  -60 57 18.6  14.005   0.928   0.800   0.382  99.99
1001  07 59 17.96  -60 49 00.1  13.789   0.900   0.791   0.291  99.99
1002  07 59 18.72  -60 49 27.6  16.490   0.670   0.549   0.055  99.99
1003  07 59 18.53  -60 34 30.2  16.010   1.174   1.108   1.065  99.99
1004  07 59 18.95  -60 59 29.5  13.481   0.825   0.731   0.270  99.99
1005  07 59 19.23  -60 45 04.1  14.465   0.799   0.635   0.090  99.99
1006  07 59 19.53  -60 58 33.5  10.832   0.351   0.265   0.190   0.99
1007  07 59 19.55  -60 43 24.5  15.812   0.904   0.771   0.136  99.99
1008  07 59 19.69  -60 47 53.0  15.383   1.085   0.906   0.382  99.99
1009  07 59 19.57  -60 38 55.8  16.876   0.983   0.791   0.154  99.99
1010  07 59 19.68  -60 34 42.8  11.962   0.682   0.524   0.030  99.99
1011  07 59 20.28  -60 35 11.6  16.469   1.010   0.865   0.272  99.99
1012  07 59 20.72  -60 40 02.3  15.015   0.796   0.651   0.121  99.99
1013  07 59 21.03  -60 57 52.6  14.558   0.873   0.693   0.135  99.99
1014  07 59 21.19  -60 58 59.8  16.868   0.895   0.689   0.130  99.99
1015  07 59 21.26  -60 48 57.7   9.177   0.067   0.004  -0.177   0.99
1016  07 59 21.30  -60 46 04.3  12.677   0.731   0.572   0.037  99.99
1017  07 59 21.53  -60 46 45.7  14.660   1.085   0.950   0.585  99.99
1018  07 59 22.11  -60 45 28.0  12.199   0.767   0.617   0.066  99.99
1019  07 59 22.38  -60 58 22.9  16.827   1.312   1.104   0.780  99.99
1020  07 59 22.53  -60 50 20.0  16.116   0.974   0.838   0.413  99.99
1021  07 59 22.92  -60 58 01.0  15.951   1.196   1.111   1.058  99.99
1022  07 59 22.71  -60 36 43.8  15.377   0.772   0.609   0.055  99.99
1023  07 59 23.09  -60 47 17.7  14.454   0.899   0.784   0.299  99.99
1024  07 59 22.90  -60 32 22.6  11.810   0.627   0.489  -0.001  99.99
1025  07 59 23.23  -60 47 33.2  10.032   0.700   0.562   0.118   0.00
1026  07 59 23.10  -60 38 31.6  15.859   0.735   0.567   0.017  99.99
1027  07 59 23.50  -60 40 07.4  16.088   0.948   0.755   0.149  99.99
1028  07 59 23.54  -60 38 35.4  15.020   0.750   0.571   0.032  99.99
1029  07 59 23.84  -60 52 30.0  15.699   1.050   0.987   0.777  99.99
1030  07 59 24.36  -61 00 19.3  16.542   2.210   1.477  99.999  99.99
1031  07 59 24.70  -60 45 36.7  15.820   0.724   0.555   0.115  99.99
1032  07 59 25.13  -61 01 57.4  14.029   0.760   0.560   0.022  99.99
1033  07 59 25.52  -60 51 19.1  16.669   1.260   1.139   1.016  99.99
1034  07 59 25.46  -60 40 50.2  13.220   0.787   0.689   0.157  99.99
1035  07 59 26.08  -60 59 12.8  13.821   1.022   0.771   0.062  99.99
1036  07 59 26.04  -60 48 36.0  15.051   1.150   1.033   0.787  99.99
1037  07 59 27.01  -61 00 56.4  15.972   0.801   0.641   0.083  99.99
1038  07 59 27.00  -60 36 39.7  14.412   0.659   0.519   0.014  99.99
1039  07 59 27.49  -60 52 02.0  14.613   0.898   0.740   0.267  99.99
1040  07 59 27.42  -60 47 48.7   9.854   0.109   0.045   0.045   0.99
1041  07 59 27.56  -60 40 46.8  13.086   1.327   1.323   1.374  99.99
1042  07 59 28.77  -61 04 41.4  14.184   1.077   0.969   0.810  99.99
1043  07 59 28.98  -60 58 53.0  16.672   0.904   0.704   0.083  99.99
1044  07 59 29.99  -61 04 11.5  16.317   1.168   1.024   0.809  99.99
1045  07 59 29.44  -60 34 19.3  15.826   0.975   0.831   0.345  99.99
1046  07 59 30.12  -60 55 28.8  14.324   0.705   0.516   0.075  99.99
1047  07 59 30.56  -61 05 23.0  14.634   0.928   0.694   0.137  99.99
1048  07 59 30.92  -60 49 53.4  16.405   0.908   0.793   0.303  99.99
1049  07 59 31.34  -60 38 58.7  16.920   1.155   1.049   0.621  99.99
1050  07 59 31.86  -60 49 37.3  16.290   0.885   0.682   0.086  99.99
1051  07 59 32.11  -60 48 44.5  13.945   1.048   0.835   0.318  99.99
1052  07 59 32.35  -60 45 02.0  15.730   1.360   1.201   1.041  99.99
1053  07 59 33.57  -60 32 24.4  16.949   0.923   0.714   0.180  99.99
1054  07 59 34.01  -60 45 17.9  14.311   1.013   0.916   0.552  99.99
1055  07 59 34.09  -60 42 57.7  13.753   0.855   0.732   0.202  99.99
1056  07 59 34.58  -60 44 05.8  15.052   0.906   0.737   0.167  99.99
1057  07 59 35.73  -60 44 38.4  15.844   1.401   1.235   1.140  99.99
1058  07 59 36.41  -60 52 15.0  16.786   0.839   0.587   0.116  99.99
1059  07 59 36.43  -60 44 31.1  12.910   0.959   0.812   0.294  99.99
1060  07 59 36.56  -60 34 40.6  16.352  99.999   0.907   0.546  99.99
1061  07 59 38.64  -60 37 47.6  14.595   1.065   0.943   0.505  99.99
1062  07 59 39.04  -60 42 11.4  15.227   0.986   0.903   0.592  99.99
1063  07 59 39.49  -60 44 17.7  16.893   1.004   0.869   0.381  99.99
1064  07 59 39.68  -60 49 17.1  16.315   0.950   0.794   0.284  99.99
1065  07 59 39.73  -60 45 07.5  15.113   0.845   0.680   0.107  99.99
1066  07 59 39.95  -60 44 54.1  15.165   0.925   0.795   0.278  99.99
1067  07 59 39.98  -60 42 30.6  14.818   1.222   1.013   0.605  99.99
1068  07 59 39.89  -60 35 06.5  15.379  99.999   0.738   0.244  99.99
1069  07 59 40.44  -60 35 04.6  16.742  99.999   0.770   0.243  99.99
1070  07 59 40.74  -60 35 38.5  16.531  99.999   0.824   0.264  99.99
1071  07 59 41.21  -60 35 30.1  15.369  99.999   0.689   0.133  99.99
1072  07 59 41.78  -60 50 05.5  16.306   0.819   0.635   0.044  99.99
1073  07 59 42.12  -60 45 59.5  15.162   1.205   1.040   0.798  99.99
1074  07 59 42.35  -60 50 27.4  16.318   1.584   1.325   1.286  99.99
1075  07 59 42.10  -60 36 51.3  14.288   0.776   0.658   0.134  99.99
1076  07 59 42.95  -60 36 36.1  15.456   0.760   0.584   0.072  99.99
1077  07 59 43.87  -60 51 48.1  14.228   1.400   1.386   1.644  99.99
1078  07 59 43.41  -60 35 02.4  15.174   0.777   0.571   0.091  99.99
1079  07 59 43.88  -60 46 14.3  14.941   0.825   0.688   0.151  99.99
1080  07 59 44.19  -60 40 18.3   9.611   0.243   0.242   0.147   0.99
1081  07 59 44.12  -60 34 22.7  15.881   0.791   0.671   0.124  99.99
1082  07 59 44.74  -60 38 08.3  16.067   0.935   0.799   0.251  99.99
1083  07 59 45.06  -60 44 01.7  16.398   0.914   0.813   0.217  99.99
1084  07 59 45.43  -60 50 10.0  16.999   0.930   0.727   0.089  99.99
1085  07 59 45.62  -60 33 24.8  16.807   0.885   0.678   0.063  99.99
1086  07 59 46.69  -60 42 01.3  16.376   1.115   0.998   0.616  99.99
1087  07 59 46.85  -60 37 25.9  15.462   1.205   1.082   0.830  99.99
1088  07 59 47.45  -60 49 22.4  12.481   0.822   0.696   0.170  99.99
1089  07 59 47.73  -60 36 11.2  13.400   0.793   0.620   0.025  99.99
1090  07 59 47.63  -60 32 00.3  16.983   1.199   1.008   0.788  99.99
1091  07 59 48.16  -60 45 17.9  16.464   0.892   0.777   0.176  99.99
1092  07 59 48.02  -60 32 28.0  14.338   1.280   1.115   0.942  99.99
1093  07 59 49.27  -60 37 08.6  15.480   0.855   0.714   0.098  99.99
1094  07 59 50.15  -60 43 33.7  14.627   1.181   0.994   0.671  99.99
1095  07 59 50.30  -60 44 14.4  14.652   1.062   0.970   0.645  99.99
1096  07 59 50.16  -60 32 30.1  13.730   0.753   0.562   0.017  99.99
1097  07 59 51.16  -60 46 55.7  15.944   1.092   0.975   0.682  99.99
1098  07 59 51.60  -60 47 29.6  15.869   0.864   0.751   0.228  99.99
1099  07 59 52.61  -60 41 15.4  12.613   0.745   0.610   0.058  99.99
1100  07 59 52.95  -60 41 21.2  16.186   0.902   0.790   0.271  99.99
1101  07 59 52.69  -60 32 20.1  15.632   1.733   1.399   1.228  99.99
1102  07 59 52.73  -60 32 49.2  14.586   1.111   0.973   0.661  99.99
1103  07 59 53.30  -60 49 52.5  15.442   0.960   0.858   0.482  99.99
1104  07 59 54.18  -60 40 56.8  16.075   0.860   0.717   0.155  99.99
1105  07 59 55.25  -60 37 22.1  16.966   0.815   0.651   0.015  99.99
1106  07 59 55.60  -60 41 57.5  10.804   0.407   0.318   0.149   0.99
1107  07 59 56.02  -60 47 58.7  15.161   1.019   0.920   0.559  99.99
1108  07 59 56.49  -60 49 28.1  13.406   0.860   0.743   0.226  99.99
1109  07 59 56.68  -60 49 27.8  11.829   0.734   0.569   0.073   0.99
1110  07 59 56.50  -60 35 01.3  16.093   0.887   0.740   0.180  99.99
1111  07 59 56.90  -60 37 55.3  16.041   0.953   0.791   0.186  99.99
1112  07 59 57.66  -60 50 46.5  16.176   1.015   0.848   0.441  99.99
1113  07 59 57.87  -60 37 09.8  16.650   1.078   0.901   0.323  99.99
1114  07 59 58.69  -60 45 09.9  15.684   0.941   0.840   0.372  99.99
1115  08 00 00.00  -60 51 07.7  16.404   1.170   1.004   0.592  99.99
1116  07 59 59.94  -60 36 30.0  15.388   1.215   1.074   0.717  99.99
1117  08 00 00.21  -60 40 07.7  14.356   1.093   0.924   0.520  99.99
1118  08 00 00.69  -60 41 52.5  16.077   1.076   0.987   0.637  99.99
1119  08 00 01.16  -60 34 18.3  16.962   1.121   0.930   0.536  99.99
1120  08 00 02.30  -60 36 42.3  13.619   0.825   0.701   0.147  99.99
1121  08 00 02.84  -60 50 24.1  15.875   0.958   0.795   0.260  99.99
1122  08 00 02.73  -60 44 45.6  15.959   1.038   0.882   0.382  99.99
1123  08 00 02.61  -60 36 54.8  12.923   0.807   0.686   0.143  99.99
1124  08 00 02.99  -60 37 23.8  11.765   0.641   0.484   0.066  99.99
1125  08 00 03.40  -60 41 23.2  16.997   0.865   0.627  -0.016  99.99
1126  08 00 03.73  -60 46 31.9   9.239   0.113   0.086   0.127   0.00
1127  08 00 03.77  -60 46 19.6  10.076   0.494   0.397   0.034   0.00
1128  08 00 03.99  -60 51 35.6  16.005   0.920   0.746   0.184  99.99
1129  08 00 04.25  -60 47 45.2  16.306   1.545   1.371   1.249  99.99
1130  08 00 04.20  -60 44 02.3  14.762   0.869   0.719   0.122  99.99
1131  08 00 04.07  -60 34 54.2  16.383   0.915   0.719   0.162  99.99
1132  08 00 04.45  -60 43 19.7  16.293   1.129   0.957   0.323  99.99
1133  08 00 04.88  -60 45 19.1  12.050   0.656   0.528   0.026  99.99
1134  08 00 04.84  -60 43 47.1  16.979   0.894   0.775   0.224  99.99
1135  08 00 04.95  -60 42 57.4  14.557   1.008   0.854   0.291  99.99
1136  08 00 05.50  -60 49 25.7  16.157   1.077   1.008   0.733  99.99
1137  08 00 04.91  -60 33 32.0  15.057   1.195   1.065   0.881  99.99
1138  08 00 05.94  -60 47 45.3  16.451   1.041   0.878   0.458  99.99
1139  08 00 05.53  -60 32 17.5  16.695   1.452   1.251   1.183  99.99
1140  08 00 06.51  -60 48 25.7  15.772   1.212   1.072   0.684  99.99
1141  08 00 06.35  -60 42 32.8  14.461   1.185   1.073   0.766  99.99
1142  08 00 06.13  -60 35 17.5  14.561   1.075   0.941   0.634  99.99
1143  08 00 06.79  -60 35 36.8  15.418   1.167   1.015   0.723  99.99
1144  08 00 07.50  -60 40 57.9  13.209   0.833   0.943  99.999  99.99
1145  08 00 07.69  -60 40 59.2  10.259   0.252   0.135   0.125   0.99
1146  08 00 07.92  -60 44 30.7  16.333   1.206   1.127   0.970  99.99
1147  08 00 08.67  -60 51 31.3  16.983   1.811   1.456   1.321  99.99
1148  08 00 08.02  -60 32 09.3  16.028   0.903   0.690   0.125  99.99
1149  08 00 09.32  -60 46 27.2  16.352   0.957   0.766   0.146  99.99
1150  08 00 09.37  -60 33 35.3  13.353   0.843   0.710   0.171  99.99
1151  08 00 09.72  -60 38 09.1  16.402   0.871   0.699   0.082  99.99
1152  08 00 10.19  -60 37 24.5  16.909   0.834   0.687   0.043  99.99
1153  08 00 10.71  -60 48 25.0  16.194   1.198   1.136   1.161  99.99
1154  08 00 10.62  -60 40 25.4  15.305   0.922   0.765   0.219  99.99
1155  08 00 11.64  -60 48 32.1  16.963   1.802   1.482   1.114  99.99
1156  08 00 11.60  -60 45 44.8  14.081   0.641   0.483   0.069  99.99
1157  08 00 12.00  -60 42 53.4  15.548   1.279   1.193   0.906  99.99
1158  08 00 12.04  -60 43 25.5  11.592   0.894   0.696   0.179  99.99
1159  08 00 12.56  -60 48 10.7  15.310   0.813   0.637   0.083  99.99
1160  08 00 13.02  -60 41 45.7  15.922   1.444   1.250   1.244  99.99
1161  08 00 13.26  -60 44 55.7  14.671   0.683   0.561   0.093  99.99
1162  08 00 13.78  -60 42 55.9  15.128   0.765   0.609   0.039  99.99
1163  08 00 14.51  -60 45 15.2  12.421   0.747   0.590   0.060  99.99
1164  08 00 14.90  -60 43 34.4  16.046   0.882   0.730   0.108  99.99
1165  08 00 15.26  -60 35 34.5  16.993   1.010   0.847   0.461  99.99
1166  08 00 15.78  -60 42 28.1  16.119   0.762   0.617   0.119  99.99
1167  08 00 16.47  -60 46 14.9  16.295   1.591   1.285   0.905  99.99
1168  08 00 16.34  -60 34 05.9  16.185   0.941   0.763   0.221  99.99
1169  08 00 17.25  -60 51 26.5  13.661   0.962   0.857   0.544  99.99
1170  08 00 16.91  -60 39 39.3  12.144   1.546   1.437   1.615  99.99
1171  08 00 17.31  -60 45 03.1  16.343   0.905   0.762   0.225  99.99
1172  08 00 18.13  -60 43 56.7  15.385   0.975   0.856   0.441  99.99
1173  08 00 18.65  -60 50 27.8  16.277   1.587   1.276   1.027  99.99
1174  08 00 18.66  -60 41 15.8  16.973   0.846   0.643   0.105  99.99
1175  08 00 18.75  -60 36 41.0  16.819   1.063   0.888   0.443  99.99
1176  08 00 18.88  -60 36 14.5  15.205   1.209   1.105   0.894  99.99
1177  08 00 19.31  -60 34 05.6  16.724   0.959   0.769   0.144  99.99
1178  08 00 19.83  -60 38 12.1  16.830   0.944   0.723   0.115  99.99
1179  08 00 20.07  -60 41 59.2  13.809   0.792   0.659   0.137  99.99
1180  08 00 19.92  -60 33 45.7  14.667   0.804   0.569   0.012  99.99
1181  08 00 20.58  -60 42 37.4  13.566   1.053   0.917   0.498  99.99
1182  08 00 20.54  -60 36 22.6  14.425   0.957   0.822   0.306  99.99
1183  08 00 21.40  -60 49 12.2  11.087   0.463   0.337   0.109  99.99
1184  08 00 22.38  -60 39 40.1  15.211   0.812   0.615   0.077  99.99
1185  08 00 22.89  -60 33 50.6  15.401   1.002   0.823   0.404  99.99
1186  08 00 23.53  -60 34 48.5  16.437   0.992   0.792   0.279  99.99
1187  08 00 23.79  -60 37 50.1  16.013   1.099   0.894   0.457  99.99
1188  08 00 24.03  -60 42 03.6  12.869   0.800   0.660   0.126  99.99
1189  08 00 25.62  -60 38 11.1  10.657   1.958   1.648   1.995  99.99
1190  08 00 25.93  -60 40 59.3  14.465   1.248   0.999   0.602  99.99
1191  08 00 25.94  -60 33 42.2  16.467   1.004   0.780   0.205  99.99
1192  08 00 26.56  -60 45 14.0  16.317   0.944   0.778   0.320  99.99
1193  08 00 27.32  -60 42 58.1  16.839   1.767   1.416   1.135  99.99
1194  08 00 28.52  -60 50 07.0  16.304   0.882   0.706   0.201  99.99
1195  08 00 28.99  -60 33 20.3  16.136   0.938   0.730   0.273  99.99
1196  08 00 29.06  -60 32 34.4  16.344   0.917   0.668   0.157  99.99
1197  08 00 29.87  -60 47 57.9  14.089   0.738   0.566   0.074  99.99
1198  08 00 31.17  -60 50 17.6  16.619   0.928   0.681   0.091  99.99
1199  08 00 30.79  -60 36 02.9  12.957   0.691   0.512   0.130  99.99

1200  08 00 31.52  -60 46 33.8  15.983   1.030   0.955   0.672  99.99
1201  08 00 31.38  -60 41 33.5  16.941   0.921   0.735   0.231  99.99
1202  08 00 31.34  -60 36 30.8  10.752   0.354   0.272   0.170  99.99
1203  08 00 31.78  -60 43 01.9  14.526   1.266   1.212   1.260  99.99
1204  08 00 32.02  -60 43 58.8  16.659   0.938   0.832   0.399  99.99
1205  08 00 31.99  -60 35 18.5  15.674   0.905   0.724   0.144  99.99
1206  08 00 32.62  -60 35 15.9  16.954   1.076   0.880   0.632  99.99
1207  08 00 32.75  -60 34 21.0  16.120   0.945   0.759   0.275  99.99
1208  08 00 33.45  -60 46 46.6  16.983   0.758   0.518  -0.001  99.99
1209  08 00 34.34  -60 47 47.1  15.369   0.858   0.722   0.219  99.99
1210  08 00 34.53  -60 47 33.9  14.441   1.336   1.253   1.276  99.99
1211  08 00 34.33  -60 42 22.7  12.313   0.813   0.661   0.128  99.99
1212  08 00 34.42  -60 42 56.1   9.888   0.082   0.106   0.034  99.99
1213  08 00 35.48  -60 48 26.4  14.993   1.141   1.020   0.755  99.99
1214  08 00 35.64  -60 50 47.5  11.489   1.194   1.046   0.793  99.99
1215  08 00 36.06  -60 46 10.1  16.844   0.810   0.592   0.090  99.99
1216  08 00 36.45  -60 44 16.0  16.100   1.261   1.101   1.037  99.99
1217  08 00 36.34  -60 33 10.4  16.366   0.973   0.771   0.250  99.99
1218  08 00 37.02  -60 35 15.1  16.066   0.891   0.791   0.322  99.99
1219  08 00 37.11  -60 32 54.4  16.544   1.283   1.064   0.780  99.99
1220  08 00 37.54  -60 36 23.3  16.165   1.682   1.348   1.272  99.99
1221  08 00 37.69  -60 36 53.0  16.862   1.111   0.925   0.555  99.99
1222  08 00 37.68  -60 36 33.5  14.974   1.198   1.017   0.698  99.99
1223  08 00 37.97  -60 36 58.0  16.919   1.573   1.276   1.469  99.99
1224  08 00 38.74  -60 35 25.4  16.200   0.982   0.823   0.404  99.99
1225  08 00 39.63  -60 50 39.6  16.563   1.708   1.208  99.999  99.99
1226  08 00 39.65  -60 50 40.7  16.309   1.003   0.687  -0.084  99.99
1227  08 00 38.96  -60 34 22.6  16.352   1.193   0.937   0.556  99.99
1228  08 00 40.47  -60 48 52.0  16.492   1.006   0.890   0.514  99.99
1229  08 00 41.27  -60 43 41.6  16.869   0.960   0.743   0.065  99.99
1230  08 00 42.29  -60 45 05.8  15.705   0.994   0.911   0.571  99.99
1231  08 00 41.94  -60 36 30.7  14.926   1.072   0.914   0.637  99.99
1232  08 00 42.99  -60 38 46.4  16.848   1.036   0.843   0.291  99.99
1233  08 00 43.39  -60 38 52.9  14.359   0.883   0.737   0.213  99.99
1234  08 00 44.18  -60 39 11.3  16.620   1.131   1.015   0.767  99.99
1235  08 00 44.54  -60 41 26.5  15.002   1.036   0.922   0.547  99.99
1236  08 00 45.23  -60 49 42.0  15.179   0.989   0.812   0.291  99.99
1237  08 00 46.53  -60 50 59.8  12.629   1.205   1.108   0.855  99.99
1238  08 00 47.13  -60 48 33.1  14.808   0.930   0.791   0.377  99.99
1239  08 00 46.56  -60 32 59.9  15.803   1.066   0.844   0.314  99.99
1240  08 00 47.88  -60 51 56.2  14.122   0.988   0.857   0.464  99.99
1241  08 00 47.63  -60 43 37.5  13.851   0.977   0.812   0.351  99.99
1242  08 00 47.99  -60 44 59.2  15.481   0.917   0.782   0.332  99.99
1243  08 00 48.00  -60 45 01.1  14.620   0.927   0.791   0.375  99.99
1244  08 00 48.08  -60 42 32.4  16.536   0.901   0.756   0.263  99.99
1245  08 00 48.93  -60 39 31.0  16.197   0.888   0.671   0.127  99.99
1246  08 00 49.59  -60 44 15.5  14.539   0.979   0.855   0.498  99.99
1247  08 00 49.99  -60 43 32.6  16.189   1.270   1.062   0.723  99.99
1248  08 00 50.61  -60 36 28.6  13.168   0.936   0.824   0.434  99.99
1249  08 00 51.05  -60 41 15.6  15.422   0.831   0.653   0.094  99.99
1250  08 00 51.57  -60 46 11.8  16.397   0.992   0.835   0.450  99.99
1251  08 00 51.80  -60 47 00.4  13.328   0.875   0.711   0.198  99.99
1252  08 00 52.20  -60 46 29.0  15.693   0.909   0.702   0.118  99.99
1253  08 00 52.71  -60 49 09.8  16.063   1.695   1.389   1.237  99.99
1254  08 00 52.10  -60 36 14.2  16.788   1.043   0.804   0.178  99.99
1255  08 00 52.85  -60 46 44.6  16.849   1.107   0.911   0.519  99.99
1256  08 00 54.59  -60 50 32.8  15.951   1.294   1.099   0.927  99.99
1257  08 00 53.53  -60 33 28.6  16.719   1.083   0.870   0.380  99.99
1258  08 00 54.11  -60 41 22.8  13.519   0.784   0.654  -0.052  99.99
1259  08 00 53.78  -60 34 09.9  15.114   0.976   0.767   0.201  99.99
1260  08 00 54.11  -60 38 07.9  16.710   0.906   0.674   0.074  99.99
1261  08 00 54.81  -60 45 15.6  11.380   0.502   0.356   0.064  99.99
1262  08 00 55.48  -60 45 41.6  14.698   1.140   0.909   0.539  99.99
1263  08 00 54.85  -60 35 08.9  16.414   0.994   0.742   0.245  99.99
1264  08 00 55.76  -60 42 03.5  15.638  99.999   0.668   0.169  99.99